3563302,1
22434,1
268904,1
62968,1
342171,1
1053803,1
640653,1
38202,1
50291,1
1400774,1
33797,1
104736,1
640609,1
61175,1
1182441,1
23856,1
152022,1
33613,1
293167,1
1651,1
512182,1
64258,1
278599,1
413845,1
282573,1
264629,1
58428,1
57953,1
1208805,1
642946,1
6817,1
145701,1
191024,1
83677,1
378942,1
68512,1
907647,1
984783,1
1634,1
1031119,1
322968,1
93925,1
110075,1
132618,1
293132,1
58116,1
50219,1
61093,1
132642,1
19823,1
289526,1
297420,1
777400,1
31854,1
93865,1
366408,1
86670,1
843058,1
549745,1
161077,1
61313,1
276018,1
100099,1
581856,1
392045,1
122929,1
280180,1
271234,1
213392,1
291774,1
412329,1
138634,1
791604,1
211645,1
152145,1
118273,1
53203,1
216578,1
728798,1
58349,1
1712238,1
98473,1
460795,1
73381,1
108964,1
542939,1
313103,1
670783,1
381231,1
61129,1
269015,1
62972,1
1072205,1
873820,1
54491,1
365058,1
554116,1
344855,1
44897,1
296419,1
22497,1
127562,1
964858,1
344750,1
1020188,1
59332,1
326310,1
79923,1
53849,1
887542,1
384244,1
59344,1
52484,1
1657679,1
100337,1
58218,1
447711,1
92746,1
87701,1
62890,1
826570,1
1680,1
30064,1
243867,1
185197,1
281786,1
289498,1
122920,1
853651,1
414940,1
223373,1
80209,1
353063,1
304506,1
843539,1
104512,1
79847,1
169276,1
148199,1
137355,1
130729,1
80036,1
546091,1
382459,1
190733,1
85009,1
185667,1
493464,1
282957,1
114189,1
340681,1
187133,1
58137,1
580994,1
588218,1
548910,1
153131,1
1354252,1
22514,1
346518,1
276011,1
123018,1
92685,1
204903,1
83574,1
61297,1
765921,1
630353,1
887537,1
819865,1
169154,1
170614,1
288676,1
46054,1
237569,1
29295,1
6953,1
233495,1
80124,1
383906,1
174682,1
927974,1
844996,1
281796,1
635858,1
524865,1
104739,1
62922,1
96462,1
177680,1
184977,1
195927,1
140427,1
62980,1
304906,1
117918,1
570501,1
394571,1
780664,1
787455,1
98520,1
294843,1
298606,1
92004,1
52481,1
1065565,1
321201,1
198500,1
1869624,1
519897,1
228770,1
589338,1
161043,1
236879,1
472866,1
118629,1
223309,1
676713,1
193264,1
199746,1
139260,1
640115,1
161495,1
649325,1
1669348,1
1006287,1
121171,1
24761,1
1351436,1
601381,1
1220913,1
751808,1
187866,1
80041,1
83651,1
83680,1
365057,1
365048,1
114978,1
62959,1
61209,1
308054,1
123084,1
865440,1
60951,1
193224,1
223308,1
409691,1
54145,1
1210988,1
407038,1
414874,1
22513,1
588390,1
414935,1
1610594,1
1180658,1
114994,1
388962,1
609725,1
159966,1
271285,1
225223,1
111268,1
676260,1
1453489,1
803326,1
1435422,1
321202,1
416514,1
46025,-1
115185,-1
153087,-1
141208,-1
304167,-1
64216,-1
757023,-1
1146976,-1
23596,-1
623419,-1
80112,-1
94928,-1
1341001,-1
8544,-1
614696,-1
11960,-1
294814,-1
62651,-1
79579,-1
1015646,-1
79549,-1
212883,-1
229963,-1
822921,-1
251156,-1
628782,-1
239395,-1
91875,-1
64236,-1
46007,-1
469706,-1
1819799,-1
98513,-1
615280,-1
118289,-1
354850,-1
614694,-1
331735,-1
509993,-1
496450,-1
79590,-1
1077853,-1
470842,-1
873800,-1
75938,-1
79394,-1
162158,-1
272671,-1
304769,-1
121087,-1
79427,-1
248480,-1
390586,-1
1135947,-1
1129918,-1
1548995,-1
97662,-1
871910,-1
266913,-1
23542,-1
66331,-1
1272350,-1
216900,-1
23845,-1
470852,-1
958985,-1
1284797,-1
515554,-1
117900,-1
721568,-1
228743,-1
160538,-1
44423,-1
527996,-1
958984,-1
96528,-1
1108183,-1
223317,-1
44253,-1
460160,-1
481595,-1
64119,-1
313778,-1
239373,-1
288546,-1
23473,-1
660348,-1
6702,-1
11864,-1
544038,-1
521268,-1
104921,-1
1272351,-1
382582,-1
67604,-1
77317,-1
91951,-1
217049,-1
520373,-1
408177,-1
365586,-1
149233,-1
79585,-1
288763,-1
88667,-1
720214,-1
183005,-1
802211,-1
725082,-1
170611,-1
679923,-1
50231,-1
63047,-1
963377,-1
264551,-1
23812,-1
117901,-1
117902,-1
145649,-1
180402,-1
63150,-1
239394,-1
302876,-1
46977,-1
137339,-1
63054,-1
482874,-1
79489,-1
282514,-1
765931,-1
235822,-1
161494,-1
1225104,-1
389702,-1
1319310,-1
257144,-1
268699,-1
60440,-1
1037334,-1
686396,-1
11956,-1
412746,-1
60537,-1
902468,-1
1252515,-1
289436,-1
457957,-1
130560,-1
158678,-1
595370,-1
668374,-1
133267,-1
357229,-1
180413,-1
34743,-1
724963,-1
368666,-1
86641,-1
283469,-1
378664,-1
360789,-1
98535,-1
79518,-1
264506,-1
394703,-1
991298,-1
712328,-1
540931,-1
410750,-1
70011,-1
83278,-1
98392,-1
132601,-1
83637,-1
1332,-1
66737,-1
46965,-1
290951,-1
22266,-1
118568,-1
62682,-1
325440,-1
187137,-1
91972,-1
715857,-1
79575,-1
243863,-1
285907,-1
87522,-1
719924,-1
86537,-1
442190,-1
1097398,-1
180431,-1
217722,-1
8872,-1
1393113,-1
358539,-1
296260,-1
298909,-1
23452,-1
245874,-1
294412,-1
73835,-1
92628,-1
79914,-1
1136426,-1
6885,-1
128186,-1
80155,-1
361500,-1
259100,-1
490474,-1
802234,-1
413945,-1
175616,-1
726866,-1
163810,-1
67617,-1
520449,-1
169142,-1
1333624,-1
68179,-1
141226,-1
23547,-1
720137,-1
98683,-1
93471,-1
573415,-1
79933,-1
96441,-1
491520,-1
79790,-1
867727,-1
587898,-1
79668,-1
545117,-1
963376,-1
506979,-1
307165,-1
206696,-1
557081,-1
26962,-1
205387,-1
138323,-1
60607,-1
291800,-1
23836,-1
116760,-1
344849,-1
410742,-1
91933,-1
58664,-1
35629,-1
23829,-1
60674,-1
294825,-1
294824,-1
34758,-1
229399,-1
85036,-1
697684,-1
96313,-1
866645,-1
415747,-1
93434,-1
822078,-1
759412,-1
53474,-1
289555,-1
1024219,-1
141414,-1
303004,-1
525013,-1
68160,-1
266881,-1
353149,-1
1393115,-1
1393116,-1
1393117,-1
295688,-1
100106,-1
44709,-1
80014,-1
392119,-1
459387,-1
457610,-1
899865,-1
60679,-1
92675,-1
637734,-1
778869,-1
58665,-1
588467,-1
253799,-1
364165,-1
1356767,-1
414938,-1
90853,-1
502072,-1
414783,-1
802246,-1
702338,-1
322921,-1
3695691,-1
442115,-1
158670,-1
344039,-1
280192,-1
1393118,-1
27510,-1
105894,-1
510021,-1
80985,-1
77299,-1
299543,-1
145198,-1
62693,-1
104713,-1
146420,-1
185822,-1
180494,-1
410746,-1
470867,-1
140430,-1
125647,-1
887868,-1
107086,-1
406096,-1
413538,-1
615969,-1
53780,-1
110040,-1
62925,-1
161432,-1
307430,-1
588827,-1
152168,-1
79978,-1
1066818,-1
62760,-1
759369,-1
521512,-1
125697,-1
79988,-1
99100,-1
122830,-1
370658,-1
557097,-1
87571,-1
31009,-1
183373,-1
207236,-1
122819,-1
354457,-1
358600,-1
236292,-1
138779,-1
23454,-1
183021,-1
183026,-1
193204,-1
296663,-1
23588,-1
11871,-1
708804,-1
98506,-1
430197,-1
651100,-1
1133371,-1
1032787,-1
1129292,-1
203207,-1
51089,-1
837682,-1
303763,-1
122832,-1
34738,-1
1801873,-1
554463,-1
133958,-1
1737349,-1
1074871,-1
283471,-1
229994,-1
225267,-1
876006,-1
297215,-1
1010455,-1
79989,-1
79712,-1
8602,-1
465737,-1
29309,-1
239470,-1
307612,-1
229426,-1
376972,-1
858113,-1
111227,-1
141758,-1
346489,-1
158643,-1
911792,-1
158951,-1
1086149,-1
758386,-1
138675,-1
478225,-1
557803,-1
25783,-1
131578,-1
480405,-1
249887,-1
354498,-1
63032,-1
164880,-1
98512,-1
132626,-1
87589,-1
382485,-1
588781,-1
738270,-1
2274180,-1
830400,-1
79774,-1
291755,-1
777072,-1
59329,-1
17503,-1
79666,-1
53152,-1
51103,-1
27485,-1
79724,-1
368675,-1
92667,-1
17948,-1
669093,-1
188700,-1
33830,-1
1173117,-1
83612,-1
862812,-1
1453939,-1
533355,-1
310439,-1
1510206,-1
1086163,-1
308050,-1
2400525,-1
1392992,-1
492037,-1
159124,-1
61019,-1
191017,-1
562061,-1
87604,-1
79961,-1
80042,-1
3631980,-1
390640,-1
856397,-1
498039,-1
98496,-1
272295,-1
1370318,-1
328116,-1
3147328,-1
134044,-1
79697,-1
24599,-1
79719,-1
79728,-1
98808,-1
191015,-1
215830,-1
414809,-1
532928,-1
114480,-1
259092,-1
1475,-1
911466,-1
291233,-1
588267,-1
11938,-1
11602,-1
1400170,-1
227839,-1
478243,-1
183100,-1
23862,-1
1097364,-1
160473,-1
340421,-1
524024,-1
83430,-1
80044,-1
331523,-1
588172,-1
1400173,-1
290896,-1
146088,-1
1060054,-1
77316,-1
258436,-1
545115,-1
272659,-1
472849,-1
266363,-1
559649,-1
835730,-1
835732,-1
278623,-1
713295,-1
747963,-1
8685,-1
8674,-1
1273251,-1
132617,-1
243822,-1
503158,-1
90314,-1
212928,-1
1161731,-1
99999,-1
1313635,-1
65838,-1
674175,-1
538706,-1
510027,-1
1299274,-1
169115,-1
92682,-1
229752,-1
98477,-1
309994,-1
61103,-1
510938,-1
60773,-1
459306,-1
87597,-1
313041,-1
917222,-1
1097402,-1
568111,-1
577576,-1
247481,-1
679226,-1
791258,-1
1286994,-1
111238,-1
237366,-1
494590,-1
177899,-1
8808,-1
79884,-1
450095,-1
1173357,-1
188699,-1
62894,-1
413232,-1
320472,-1
320475,-1
320476,-1
320477,-1
822042,-1
253804,-1
835734,-1
971766,-1
60779,-1
649694,-1
290882,-1
1178350,-1
1188495,-1
588813,-1
821725,-1
65854,-1
79925,-1
108159,-1
51093,-1
111244,-1
378115,-1
11855,-1
281788,-1
266897,-1
1299277,-1
837685,-1
644397,-1
588346,-1
183737,-1
300500,-1
413234,-1
499546,-1
631762,-1
651318,-1
52367,-1
281790,-1
212900,-1
117573,-1
167319,-1
303186,-1
844542,-1
858651,-1
80082,-1
382309,-1
483022,-1
502034,-1
115611,-1
945044,-1
989686,-1
864104,-1
125353,-1
375204,-1
1249010,-1
1840780,-1
1762311,-1
596635,-1
2053251,-1
1090085,-1
2842073,-1
152171,-1
1754706,-1
922145,-1
1532514,-1
1921886,-1
3169798,-1
780885,-1
871452,-1
1646480,-1
2854270,-1
83274,-1
1696456,-1
1441229,-1
1412214,-1
145662,-1
3170757,-1
1397195,-1
928915,-1
497703,-1
3410226,-1
1590569,-1
652781,-1
344848,-1
173591,-1
619438,-1
1726656,-1
173608,-1
1537770,-1
2829510,-1
5418652,-1
3924514,-1
3950789,-1
3621998,-1
1796560,-1
475954,-1
2328876,-1
1616699,-1
412208,-1
623467,-1
1985113,-1
4195098,-1
759344,-1
590740,-1
377777,-1
619347,-1
1136535,-1
217826,-1
2119601,-1
1652861,-1
589423,-1
2133225,-1
1530742,-1
1438624,-1
3868533,-1
2090945,-1
2272116,-1
1060698,-1
254385,-1
3259446,-1
4702740,-1
2544346,-1
3928236,-1
575282,-1
2861746,-1
1019788,-1
90887,-1
1630852,-1
3494027,-1
2572660,-1
3790154,-1
1004200,-1
3909358,-1
79422,-1
395469,-1
414735,-1
520338,-1
587362,-1
138307,-1
724961,-1
90875,-1
249307,-1
937990,-1
79460,-1
219043,-1
511405,-1
791120,-1
418986,-1
430172,-1
821094,-1
169156,-1
178885,-1
520356,-1
2210237,-1
188162,-1
593088,-1
2184822,-1
544844,-1
2560659,-1
180437,-1
289156,-1
115613,-1
3132624,-1
3261550,-1
588220,-1
370654,-1
1625012,-1
3337023,-1
710817,-1
842746,-1
1260341,-1
58258,-1
3515811,-1
1351447,-1
1748706,-1
1795295,-1
344847,-1
4171796,-1
288711,-1
542020,-1
1289002,-1
258886,-1
2022447,-1
1390043,-1
25365,-1
5383411,-1
848834,-1
1176783,-1
2381753,-1
510002,-1
113614,-1
6830247,-1
470843,-1
162169,-1
1072193,-1
1120882,-1
686704,-1
1641549,-1
1662363,-1
61299,-1
913493,-1
1669297,-1
1835453,-1
61070,-1
51109,-1
2582274,-1
1049337,-1
79470,-1
390037,-1
1350481,-1
1636879,-1
3696097,-1
365062,-1
291734,-1
360512,-1
755343,-1
503353,-1
648303,-1
700289,-1
24735,-1
1011058,-1
1789195,-1
1937135,-1
110068,-1
1935842,-1
1641308,-1
2687012,-1
3307301,-1
1032103,-1
3366650,-1
2695234,-1
2023652,-1
296642,-1
404436,-1
635741,-1
780624,-1
929907,-1
1449843,-1
109866,-1
613045,-1
944492,-1
2012870,-1
2078088,-1
482881,-1
113616,-1
248952,-1
555610,-1
484423,-1
2914356,-1
670930,-1
229322,-1
598110,-1
3498040,-1
90323,-1
304565,-1
470380,-1
2629574,-1
2454753,-1
1287764,-1
174138,-1
662946,-1
831224,-1
1024429,-1
573422,-1
2080341,-1
2145940,-1
4218452,-1
1801872,-1
182297,-1
2006916,-1
121162,-1
538693,-1
720138,-1
1221133,-1
1268208,-1
2741937,-1
410743,-1
549450,-1
615644,-1
174390,-1
775755,-1
80625,-1
1320050,-1
1127850,-1
866688,-1
679911,-1
46759,-1
941506,-1
791448,-1
191567,-1
986451,-1
975713,-1
762476,-1
784743,-1
487503,-1
1532004,-1
2856884,-1
2894606,-1
1681551,-1
3299399,-1
2653310,-1
662095,-1
791065,-1
2383241,-1
2769857,-1
1019307,-1
2548543,-1
2121344,-1
979545,-1
304800,-1
588144,-1
253355,-1
887978,-1
1650432,-1
526052,-1
2691104,-1
1489218,-1
1613152,-1
962776,-1
447601,-1
741485,-1
787137,-1
1756211,-1
341597,-1
2287879,-1
412955,-1
522340,-1
746366,-1
470868,-1
804756,-1
697817,-1
924136,-1
1074608,-1
1268196,-1
403945,-1
1372357,-1
424478,-1
1285613,-1
163951,-1
1107386,-1
1433120,-1
79592,-1
2036454,-1
23461,-1
296687,-1
843037,-1
2482959,-1
114691,-1
3411463,-1
1662701,-1
481622,-1
548848,-1
1231495,-1
138765,-1
159186,-1
1827956,-1
247600,-1
1693658,-1
79662,-1
1233522,-1
872164,-1
244093,-1
519637,-1
2829001,-1
79895,-1
2078570,-1
984768,-1
257150,-1
3618295,-1
223208,-1
1416141,-1
958753,-1
3345123,-1
249368,-1
608882,-1
655459,-1
294985,-1
297216,-1
371377,-1
1268280,-1
1149164,-1
1417373,-1
503145,-1
1301398,-1
574734,-1
114534,-1
728346,-1
2003144,-1
2138686,-1
87698,-1
1196507,-1
79982,-1
829382,-1
177697,-1
1681921,-1
491538,-1
788393,-1
271337,-1
3075730,-1
1419571,-1
834296,-1
658608,-1
1053601,-1
1279460,-1
1989058,-1
1478422,-1
354483,-1
726285,-1
80514,-1
1741128,-1
531864,-1
2807304,-1
2066421,-1
722604,-1
4540158,-1
842391,-1
701896,-1
3558972,-1
2935321,-1
588183,-1
1799869,-1
1579388,-1
3310603,-1
505337,-1
502498,-1
3027753,-1
844217,-1
1191175,-1
1268393,-1
1383675,-1
674533,-1
280155,-1
1657449,-1
1280879,-1
161012,-1
125680,-1
138673,-1
2813088,-1
1801874,-1
986753,-1
558860,-1
3322089,-1
1626048,-1
486414,-1
20036,-1
1616181,-1
676509,-1
1099905,-1
1209056,-1
473421,-1
631816,-1
1052367,-1
3098088,-1
648244,-1
1885197,-1
2186898,-1
354522,-1
761646,-1
911078,-1
866584,-1
419090,-1
138670,-1
1097400,-1
1428639,-1
1430110,-1
1749884,-1
518381,-1
1883667,-1
1351446,-1
2292322,-1
303189,-1
842698,-1
460792,-1
248210,-1
180562,-1
1304868,-1
91519,-1
2882532,-1
73965,-1
227838,-1
63007,-1
829672,-1
255604,-1
1471836,-1
1642224,-1
2876762,-1
1439805,-1
1364462,-1
3466838,-1
883511,-1
1801886,-1
784754,-1
491560,-1
58325,-1
1316923,-1
495514,-1
847873,-1
1875005,-1
3011720,-1
438989,-1
1108341,-1
1567086,-1
641742,-1
911642,-1
171951,-1
1024259,-1
601534,-1
1785502,-1
1099912,-1
1131976,-1
2623606,-1
294832,-1
297646,-1
1720120,-1
887963,-1
3287333,-1
1204743,-1
1338745,-1
1166639,-1
503166,-1
2522326,-1
3687022,-1
782986,-1
2637560,-1
60938,-1
1693022,-1
2319260,-1
2318247,-1
1664848,-1
1032791,-1
657180,-1
90918,-1
473608,-1
2201869,-1
378162,-1
2557932,-1
83461,-1
360505,-1
826605,-1
166299,-1
2141820,-1
1320721,-1
404471,-1
288673,-1
92777,-1
482974,-1
188713,-1
533147,-1
943725,-1
288678,-1
526231,-1
611132,-1
1154014,-1
303190,-1
1617068,-1
565723,-1
1745682,-1
392624,-1
1797910,-1
1636573,-1
676541,-1
243825,-1
2078881,-1
2112894,-1
1301393,-1
1152295,-1
2877562,-1
3075731,-1
348675,-1
655876,-1
233356,-1
2217634,-1
1748132,-1
764193,-1
310451,-1
1194881,-1
2539398,-1
4339422,-1
3906055,-1
627677,-1
894329,-1
1345031,-1
3795644,-1
593099,-1
2080559,-1
1066947,-1
458852,-1
1019949,-1
865077,-1
98450,-1
236295,-1
448298,-1
249764,-1
656479,-1
1099933,-1
1108308,-1
1341000,-1
1557548,-1
621685,-1
1797553,-1
1140383,-1
558862,-1
1445002,-1
588979,-1
1738174,-1
2387743,-1
502300,-1
1924641,-1
1273692,-1
1306239,-1
583448,-1
534150,-1
3706623,-1
1842412,-1
938130,-1
1144185,-1
1400099,-1
876524,-1
3492588,-1
4194262,-1
1461213,-1
790508,-1
284313,-1
1053097,-1
1915895,-1
656824,-1
588235,-1
1329469,-1
1617001,-1
1051136,-1
1144417,-1
2577541,-1
2717547,-1
4422181,-1
79870,-1
79878,-1
186609,-1
247473,-1
712239,-1
822057,-1
409178,-1
962686,-1
1229053,-1
1418498,-1
1537609,-1
61278,-1
255858,-1
1827110,-1
601339,-1
1128861,-1
842650,-1
442345,-1
103547,-1
1552932,-1
915383,-1
588138,-1
1921044,-1
4650532,-1
54025,-1
3149227,-1
2310333,-1
1563242,-1
4933314,-1
619473,-1
896644,-1
2216597,-1
23546,-1
922758,-1
1019217,-1
1019234,-1
1268949,-1
1158483,-1
802628,-1
1458671,-1
1734484,-1
452072,-1
2079235,-1
2216594,-1
123010,-1
2363089,-1
1229039,-1
2407904,-1
33835,-1
412231,-1
2862818,-1
2180718,-1
3292543,-1
283311,-1
2079427,-1
1116188,-1
666695,-1
80004,-1
2287497,-1
156403,-1
170404,-1
2301239,-1
1815309,-1
243951,-1
589069,-1
984812,-1
484980,-1
534184,-1
360520,-1
3407246,-1
413872,-1
6829225,-1
2001694,-1
272674,-1
829366,-1
718812,-1
92714,-1
126042,-1
1016351,-1
1658351,-1
216904,-1
2022018,-1
664354,-1
980232,-1
1325954,-1
114982,-1
588382,-1
123032,-1
704390,-1
80593,-1
270939,-1
228914,-1
931857,-1
1289030,-1
1440560,-1
2059011,-1
702814,-1
1211188,-1
3859368,-1
3563790,-1
2173485,-1
1229122,-1
303081,-1
1313801,-1
412348,-1
1313029,-1
223315,-1
632280,-1
244129,-1
737023,-1
212912,-1
1080980,-1
835684,-1
726870,-1
134032,-1
398379,-1
1456045,-1
2167277,-1
1866444,-1
588384,-1
2616005,-1
461824,-1
510040,-1
80638,-1
100097,-1
1767934,-1
80072,-1
1171720,-1
365061,-1
1464240,-1
2952837,-1
414818,-1
1786531,-1
80336,-1
169951,-1
1767723,-1
3631467,-1
636592,-1
92037,-1
245345,-1
107045,-1
149576,-1
111266,-1
90929,-1
34755,-1
1778,-1
445079,-1
718180,-1
60989,-1
371452,-1
217829,-1
484393,-1
298574,-1
283318,-1
457840,-1
1186692,-1
553649,-1
497386,-1
1412516,-1
1050098,-1
1440940,-1
181868,-1
248274,-1
285329,-1
13374,-1
959858,-1
1532020,-1
786184,-1
196706,-1
607709,-1
2374657,-1
621741,-1
507481,-1
633198,-1
906475,-1
285328,-1
963314,-1
925706,-1
1122783,-1
356048,-1
6906,-1
553661,-1
3287350,-1
1484478,-1
93519,-1
80349,-1
3755766,-1
213414,-1
3144850,-1
1478161,-1
125360,-1
80610,-1
296697,-1
92771,-1
1495180,-1
291796,-1
4061415,-1
1942381,-1
941590,-1
1192290,-1
3880151,-1
2099541,-1
80134,-1
588816,-1
328250,-1
412531,-1
11879,-1
26471,-1
127157,-1
134003,-1
135648,-1
83583,-1
247131,-1
84982,-1
175128,-1
125349,-1
34766,-1
281235,-1
269900,-1
51101,-1
259844,-1
918094,-1
114547,-1
121353,-1
1405313,-1
159952,-1
169136,-1
1641470,-1
874491,-1
115654,-1
1116187,-1
83649,-1
205435,-1
420026,-1
2079408,-1
2098845,-1
884538,-1
223328,-1
2189883,-1
2132671,-1
356739,-1
356741,-1
919174,-1
1053620,-1
328235,-1
321996,-1
486409,-1
228923,-1
852495,-1
688400,-1
3269716,-1
502308,-1
80383,-1
558000,-1
104521,-1
1860327,-1
135566,-1
80156,-1
1915907,-1
553130,-1
710154,-1
588541,-1
80207,-1
360013,-1
2758282,-1
2038543,-1
2894625,-1
1613,-1
515147,-1
1219729,-1
791097,-1
936322,-1
365435,-1
34740,-1
2201666,-1
1917093,-1
234294,-1
310344,-1
52489,-1
458087,-1
118633,-1
60909,-1
123048,-1
92775,-1
803327,-1
287748,-1
303187,-1
309293,-1
693431,-1
375309,-1
659049,-1
281811,-1
368355,-1
378947,-1
1082628,-1
170402,-1
1779,-1
397712,-1
589009,-1
627945,-1
1528060,-1
214215,-1
357045,-1
1158648,-1
100677,-1
1771532,-1
853615,-1
23593,-1
662971,-1
1886530,-1
493469,-1
1004074,-1
984838,-1
443305,-1
557108,-1
1567026,-1
2564599,-1
356740,-1
66795,-1
134033,-1
3075740,-1
1433119,-1
778143,-1
655484,-1
109889,-1
77363,-1
109883,-1
3976804,-1
1854795,-1
979087,-1
65882,-1
1502354,-1
3076641,-1
271324,-1
98525,-1
679542,-1
63012,-1
1343882,-1
19962,-1
258131,-1
2356710,-1
1485611,-1
2739470,-1
80583,-1
314739,-1
3168341,-1
966243,-1
1432409,-1
80211,-1
92038,-1
98502,-1
70155,-1
34751,-1
346963,-1
98689,-1
223301,-1
181853,-1
616574,-1
61226,-1
458088,-1
219431,-1
835685,-1
1082261,-1
1117961,-1
249206,-1
1306214,-1
1431857,-1
324968,-1
266914,-1
677584,-1
33823,-1
510588,-1
1614,-1
169139,-1
1948289,-1
1628449,-1
694766,-1
80373,-1
1016334,-1
520598,-1
272766,-1
2399400,-1
392833,-1
762218,-1
503136,-1
3194380,-1
739816,-1
2120329,-1
1785411,-1
899871,-1
1713272,-1
1039522,-1
911470,-1
2700015,-1
1495175,-1
1475629,-1
1394797,-1
1881498,-1
1014894,-1
738378,-1
1919729,-1
2173477,-1
5299142,-1
217820,-1
1726706,-1
80303,-1
1412218,-1
80435,-1
1487044,-1
281815,-1
271348,-1
348674,-1
24776,-1
80264,-1
92039,-1
98507,-1
283331,-1
51099,-1
287401,-1
188646,-1
63034,-1
329562,-1
123104,-1
506531,-1
519894,-1
493454,-1
100068,-1
450344,-1
802273,-1
620692,-1
832356,-1
181861,-1
553769,-1
1019511,-1
212932,-1
1087607,-1
496456,-1
472876,-1
1127067,-1
1050289,-1
1517308,-1
515707,-1
566895,-1
741484,-1
510064,-1
185843,-1
765996,-1
174747,-1
287752,-1
212931,-1
191551,-1
1134565,-1
3300271,-1
677232,-1
246985,-1
588976,-1
1580751,-1
833823,-1
1435419,-1
467822,-1
4222640,-1
493456,-1
290912,-1
961367,-1
2625079,-1
80560,-1
3103544,-1
1070293,-1
1309365,-1
2419770,-1
1115159,-1
619771,-1
823165,-1
1501182,-1
86675,-1
407042,-1
98839,-1
390725,-1
63083,-1
38334,-1
61058,-1
80310,-1
80316,-1
85590,-1
87690,-1
123428,-1
133372,-1
55140,-1
153119,-1
220251,-1
113313,-1
390835,-1
405509,-1
276567,-1
138382,-1
410418,-1
288692,-1
473606,-1
1062333,-1
1116012,-1
589285,-1
416877,-1
368685,-1
46037,-1
61119,-1
165097,-1
2568218,-1
2396580,-1
2680728,-1
354301,-1
483426,-1
630568,-1
2875290,-1
1672239,-1
2671676,-1
245355,-1
992597,-1
679929,-1
34794,-1
1019670,-1
3323511,-1
830426,-1
1909028,-1
135572,-1
2204992,-1
247602,-1
291818,-1
1176343,-1
643900,-1
1084495,-1
1631687,-1
291811,-1
219430,-1
1435443,-1
68961,-1
98831,-1
100371,-1
117593,-1
23650,-1
92041,-1
239452,-1
209055,-1
67705,-1
154595,-1
429996,-1
456691,-1
328468,-1
356738,-1
61329,-1
382856,-1
223343,-1
458873,-1
715753,-1
481688,-1
842862,-1
63134,-1
123103,-1
917948,-1
953998,-1
8921,-1
80391,-1
1019625,-1
1118302,-1
1157767,-1
907478,-1
1651345,-1
640574,-1
409078,-1
621648,-1
718281,-1
2236676,-1
418362,-1
96464,-1
1120723,-1
452719,-1
652128,-1
619761,-1
2646166,-1
1723265,-1
1237269,-1
2350973,-1
1198825,-1
130866,-1
3729870,-1
80591,-1
2489334,-1
3234688,-1
1100034,-1
38204,-1
38205,-1
755,-1
125354,-1
197026,-1
13373,-1
393655,-1
290997,-1
8894,-1
483116,-1
474614,-1
49845,-1
583447,-1
590723,-1
221769,-1
641313,-1
410444,-1
823389,-1
973916,-1
183364,-1
1077337,-1
1086223,-1
1225592,-1
133409,-1
87678,-1
577836,-1
1090082,-1
112234,-1
2080054,-1
217827,-1
870200,-1
695959,-1
1502631,-1
276016,-1
2335177,-1
632301,-1
2017480,-1
864350,-1
540969,-1
1510040,-1
2481607,-1
1024300,-1
3379891,-1
1235317,-1
2868816,-1
1717061,-1
1091140,-1
677225,-1
368682,-1
1438857,-1
1053639,-1
1670147,-1
100088,-1
247594,-1
196194,-1
113606,-1
711166,-1
1084567,-1
2133867,-1
1050724,-1
73975,-1
80411,-1
98832,-1
1772,-1
191027,-1
197029,-1
30448,-1
365042,-1
45809,-1
154826,-1
498496,-1
271962,-1
727820,-1
415294,-1
34870,-1
723857,-1
818103,-1
639837,-1
835738,-1
282163,-1
118293,-1
589311,-1
1256349,-1
1281467,-1
614708,-1
1297048,-1
1198244,-1
663596,-1
481722,-1
100087,-1
709018,-1
1703780,-1
1161740,-1
696763,-1
128339,-1
1683750,-1
526270,-1
2201670,-1
494954,-1
1020434,-1
378171,-1
1490921,-1
138420,-1
2526359,-1
1543700,-1
3265147,-1
1695638,-1
3988974,-1
2201671,-1
1237323,-1
1670149,-1
857866,-1
1072427,-1
1129335,-1
566282,-1
703821,-1
532854,-1
1010645,-1
11925,-1
125356,-1
197031,-1
388362,-1
134141,-1
272305,-1
288780,-1
388536,-1
27535,-1
589165,-1
389825,-1
567549,-1
61282,-1
765933,-1
367108,-1
364714,-1
1019815,-1
1086240,-1
1131478,-1
460180,-1
958192,-1
855008,-1
329335,-1
1145759,-1
1127924,-1
296411,-1
906697,-1
1535668,-1
502310,-1
502311,-1
2373623,-1
1197069,-1
481693,-1
2781425,-1
1175853,-1
99331,-1
2642245,-1
1121382,-1
175144,-1
1093052,-1
80559,-1
481701,-1
3149237,-1
843008,-1
3328060,-1
1137258,-1
137411,-1
685743,-1
530910,-1
1307257,-1
784752,-1
2339402,-1
80639,-1
2133866,-1
45805,-1
70193,-1
80521,-1
98542,-1
100094,-1
213410,-1
213415,-1
332800,-1
177834,-1
322020,-1
63157,-1
460794,-1
11972,-1
583052,-1
589230,-1
612566,-1
680908,-1
747772,-1
156440,-1
365055,-1
851249,-1
132632,-1
882848,-1
1117048,-1
615993,-1
1137754,-1
1136298,-1
1120944,-1
1190742,-1
67909,-1
866832,-1
470930,-1
1555787,-1
1567955,-1
1547367,-1
1574713,-1
252660,-1
1775807,-1
1801893,-1
1924673,-1
1952142,-1
123078,-1
1019911,-1
2222188,-1
225328,-1
865496,-1
1276630,-1
303199,-1
2047684,-1
1958584,-1
873522,-1
1412237,-1
3736671,-1
1436882,-1
2745947,-1
1159098,-1
987157,-1
1909856,-1
722511,-1
1784640,-1
589359,-1
1592379,-1
2945087,-1
1593533,-1
341714,-1
548420,-1
125358,-1
152282,-1
34869,-1
388978,-1
63152,-1
115673,-1
404603,-1
692545,-1
822098,-1
1019909,-1
1156531,-1
500335,-1
1312673,-1
1312890,-1
924516,-1
1498770,-1
449146,-1
1563208,-1
1639618,-1
272783,-1
570669,-1
142841,-1
55256,-1
2804617,-1
1176389,-1
2310378,-1
1160673,-1
589440,-1
979842,-1
4107376,-1
4462510,-1
2157544,-1
589416,-1
1945690,-1
2414762,-1
12000,-1
98841,-1
185846,-1
193323,-1
321516,-1
321517,-1
502317,-1
502318,-1
527015,-1
566829,-1
566830,-1
566831,-1
566832,-1
578779,-1
589447,-1
589449,-1
684530,-1
696362,-1
1114193,-1
1191177,-1
1307389,-1
1310543,-1
1412250,-1
1563210,-1
1568395,-1
1683763,-1
1683764,-1
1743100,-1
1878486,-1
1909854,-1
2232723,-1
2235672,-1
2630672,-1
2957702,-1
2999663,-1
3714778,-1
3831495,-1
3992389,-1
4243899,-1
