1500206400	0
1500811200	1
1501416000	2
1502020800	3
1502625600	4
1503230400	5
1503835200	6
1504440000	7
1505044800	8
1505649600	9
1506254400	10
1506859200	11
1507464000	12
1508068800	13
1508673600	14
1509278400	15
1509883200	16
1510488000	17
1511092800	18
1511697600	19
1512302400	20
1512907200	21
1513512000	22
1514116800	23
1514721600	24
1515326400	25
1515931200	26
1516536000	27
1517140800	28
1517745600	29
1518350400	30
1518955200	31
1519560000	32
1520164800	33
1520769600	34
1521374400	35
1521979200	36
1522584000	37
1523188800	38
1523793600	39
1524398400	40
1525003200	41
1525608000	42
1526212800	43
1526817600	44
1527422400	45
1528027200	46
1528632000	47
1529236800	48
1529841600	49
1530446400	50
1531051200	51
1531656000	52
1532260800	53
1532865600	54
1533470400	55
1534075200	56
1534680000	57
1535284800	58
1535889600	59
1536494400	60
1537099200	61
1537704000	62
1538308800	63
1538913600	64
1539518400	65
1540123200	66
1540728000	67
1541332800	68
1541937600	69
1542542400	70
1543147200	71
1543752000	72
1544356800	73
1544961600	74
1545566400	75
1546171200	76
1546776000	77
1547380800	78
1547985600	79
1548590400	80
1549195200	81
1549800000	82
1550404800	83
1551009600	84
1551614400	85
1552219200	86
1552824000	87
1553428800	88
1554033600	89
1554638400	90
1555243200	91
1555848000	92
1556452800	93
1557057600	94
1557662400	95
1558267200	96
1558872000	97
1559476800	98
1560081600	99
1560686400	100
1561291200	101
1561896000	102
1562500800	103
