875898,1
4256323,1
3984058,1
2981263,1
2742146,1
2694868,1
2167277,1
2053895,1
1877765,1
1789910,1
1754706,1
1741487,1
1728469,1
1305694,1
1158434,1
1099905,1
1039522,1
1010422,1
376409,1
229671,1
238346,1
710705,1
6797,1
46628,1
123029,1
92926,1
104880,1
221059,1
158600,1
568133,1
363509,1
296676,1
125560,1
216575,1
605843,1
55144,1
19827,1
98998,1
163799,1
207759,1
138744,1
368483,1
457736,1
620205,1
239366,1
595640,1
58217,1
122780,1
32844,1
114082,1
161378,1
8824,1
13093,1
104284,1
53211,1
367282,1
63063,1
361197,1
215346,1
100083,1
133270,1
44176,1
152972,1
280485,1
73393,1
137400,1
98555,1
69255,1
836978,1
33506,1
55238,1
326674,1
844206,1
17091,1
791013,1
26250,1
108930,1
215571,1
169146,1
96466,1
148198,1
59305,1
94661,1
67593,1
235838,1
595644,1
22384,1
128707,1
26547,1
233329,1
270680,1
107151,1
77331,1
87573,1
17725,1
559367,1
344139,1
17095,1
127093,1
114290,1
398674,1
148575,1
8871,1
575699,1
272125,1
383995,1
98523,1
1276516,1
158717,1
6685,1
135669,1
326731,1
388473,1
190928,1
91876,1
743223,1
401874,1
135989,1
55145,1
977832,1
221705,1
122765,1
22146,1
58246,1
33733,1
269118,1
73916,1
223263,1
175618,1
83956,1
182892,1
139107,1
478200,1
26320,1
60706,1
289352,1
379952,1
276158,1
276428,1
149346,1
213063,1
211643,1
181524,1
202600,1
192335,1
664412,1
149863,1
404574,1
515366,1
113999,1
29978,1
33607,1
145046,1
49707,1
90686,1
542000,1
726503,1
101537,1
207601,1
309971,1
159892,1
77295,1
133936,1
17685,1
272409,1
482816,1
138763,1
293147,1
406358,1
458950,1
132580,1
628774,1
50674,1
625559,1
137388,1
697171,1
84063,1
82949,1
98565,1
29725,1
86394,1
64319,1
27524,1
27457,1
215252,1
363517,1
49631,1
1200028,1
83874,1
285320,1
163090,1
29584,1
55148,1
374944,1
87703,1
134121,1
87486,1
29190,1
19967,1
329054,1
18403,1
322832,1
1244875,1
112064,1
8784,1
146068,1
244784,1
1771,1
292,1
101746,1
264913,1
281655,1
138740,1
375274,1
247118,1
372787,1
109693,1
50172,1
159971,1
215563,1
57728,1
123024,1
420147,1
58110,1
127549,1
33816,1
296324,1
22216,1
236795,1
135670,1
531858,1
61086,1
29281,1
100109,1
53182,1
11856,1
162137,1
54087,1
393646,1
99915,1
249894,1
1760,1
35739,1
369387,1
22115,1
85038,1
215880,1
650031,1
235857,1
588821,1
302,1
83936,1
161500,1
127629,1
58194,1
29958,1
519213,1
3260948,1
85595,1
295786,1
17089,1
114968,1
72649,1
64342,1
303166,1
70017,1
61362,1
34452,1
87466,1
403739,1
5303065,1
26461,1
145655,1
129087,1
98414,1
147933,1
207757,1
57706,1
98672,1
137392,1
87672,1
24622,1
204296,1
46865,1
64271,1
33163,1
149332,1
858619,1
50118,1
511342,1
73678,1
121168,1
62934,1
6620,1
90203,1
950639,1
445120,1
50283,1
16782,1
81346,1
71538,1
282111,1
211638,1
61117,1
236802,1
2112581,1
570251,1
963893,1
641841,1
264231,1
223321,1
24719,1
565638,1
398769,1
27484,1
370316,1
8856,1
46699,1
62504,1
50245,1
296249,1
243553,1
191687,1
99965,1
297446,1
65822,1
247492,1
383893,1
378635,1
474244,1
110087,1
975525,1
217809,1
60553,1
207496,1
739549,1
55088,1
18363,1
108761,1
713440,1
108980,1
247439,1
70901,1
57482,1
55102,1
158530,1
27539,1
117855,1
139697,1
83597,1
71524,1
264631,1
181655,1
75932,1
8478,1
149293,1
282502,1
513739,1
312696,1
353733,1
155498,1
645631,1
324799,1
46916,1
215393,1
1815264,1
1123761,1
8525,1
106447,1
149585,1
356710,1
52478,1
52477,1
167308,1
326733,1
33599,1
133997,1
378628,1
374936,1
83475,1
19220,1
307581,1
148196,1
712387,1
77264,1
942673,1
223096,1
27531,1
11916,1
96248,1
60464,1
174123,1
118920,1
160953,1
379964,1
721661,1
73980,1
121093,1
33354,1
223170,1
679221,1
229714,1
29684,1
231865,1
33375,1
57926,1
61215,1
276968,1
62533,1
66288,1
628791,1
280682,1
156923,1
141204,1
62612,1
8728,1
122842,1
209606,1
130559,1
395436,1
1320025,1
198470,1
72328,1
236626,1
83584,1
413046,1
61290,1
1336550,1
22432,1
515004,1
144731,1
359866,1
299618,1
271671,1
22383,1
322867,1
17390,1
29647,1
163851,1
1723,1
64080,1
99966,1
114445,1
158770,1
57790,1
99972,1
55129,1
108264,1
205986,1
759,1
33634,1
24814,1
19189,1
62628,1
8923,1
257167,1
366362,1
100340,1
181575,1
402777,1
87622,1
502392,1
196180,1
109009,1
797251,1
490049,1
181824,1
502032,1
257183,1
16902,1
33614,1
134053,1
380164,1
125718,1
131575,1
50281,1
88634,1
26360,1
11838,1
49775,1
27547,1
151766,1
632306,1
158594,1
163773,1
595301,1
101960,1
648284,1
57783,1
45572,1
398760,1
158615,1
22471,1
115658,1
29683,1
38187,1
156354,1
11899,1
6636,1
249883,1
145678,1
60980,1
66218,1
87437,1
65883,1
289040,1
456273,1
96429,1
22457,1
87628,1
114458,1
33541,1
170610,1
122893,1
117730,1
123014,1
160468,1
63076,1
106795,1
401846,1
172649,1
87711,1
8558,1
98636,1
91887,1
701437,1
139256,1
679211,1
297238,1
308058,1
6857,1
63140,1
128785,1
31794,1
138275,1
87430,1
153093,1
213412,1
608762,1
8754,1
138548,1
44107,1
62800,1
81123,1
92656,1
58437,1
264398,1
370650,1
26553,1
44434,1
108968,1
1825,1
451766,1
64118,1
8888,1
37946,1
37996,1
79339,1
104915,1
52482,1
111752,1
8696,1
111180,1
1123296,1
289482,1
181522,1
109848,1
408174,1
236437,1
85050,1
276096,1
8761,1
96343,1
115005,1
218719,1
1659,1
64216,1
757023,1
22434,1
94928,1
614696,1
62651,1
268904,1
212883,1
239395,1
64236,1
496450,1
1077853,1
108534,-1
245234,-1
245235,-1
123047,-1
73035,-1
253892,-1
55085,-1
293069,-1
96463,-1
77129,-1
538544,-1
27393,-1
270587,-1
60107,-1
11396,-1
421900,-1
398329,-1
264915,-1
8707,-1
40413,-1
167328,-1
301604,-1
91825,-1
227329,-1
99836,-1
280539,-1
423604,-1
62164,-1
457147,-1
11518,-1
125565,-1
197117,-1
117840,-1
470017,-1
111413,-1
621380,-1
1065736,-1
169755,-1
82996,-1
27529,-1
195575,-1
29146,-1
1819,-1
949929,-1
33504,-1
753169,-1
49911,-1
277401,-1
174074,-1
142337,-1
115189,-1
461815,-1
194495,-1
181632,-1
311940,-1
294072,-1
158623,-1
13345,-1
114523,-1
465449,-1
78329,-1
190985,-1
98769,-1
23272,-1
45017,-1
26330,-1
271837,-1
55326,-1
220092,-1
26311,-1
45573,-1
113922,-1
29933,-1
553178,-1
225278,-1
745531,-1
108715,-1
239679,-1
56294,-1
1249051,-1
225312,-1
73131,-1
430313,-1
29680,-1
236479,-1
236481,-1
188404,-1
1069577,-1
578883,-1
338121,-1
166501,-1
789334,-1
60944,-1
1032906,-1
383259,-1
141693,-1
607095,-1
283093,-1
250531,-1
307268,-1
178813,-1
399588,-1
280189,-1
64812,-1
36049,-1
534786,-1
135627,-1
828370,-1
166465,-1
244789,-1
23439,-1
16222,-1
158613,-1
109943,-1
91822,-1
174632,-1
149713,-1
857704,-1
524837,-1
172314,-1
90761,-1
361517,-1
66223,-1
26617,-1
85776,-1
65733,-1
118484,-1
269910,-1
24347,-1
37360,-1
39924,-1
68840,-1
215495,-1
96279,-1
46805,-1
323773,-1
26211,-1
182161,-1
79057,-1
586745,-1
116394,-1
98384,-1
152143,-1
22508,-1
66154,-1
135973,-1
720381,-1
300278,-1
582757,-1
8524,-1
98238,-1
470987,-1
55086,-1
77128,-1
900778,-1
177539,-1
82976,-1
288439,-1
291776,-1
1148124,-1
1033268,-1
74355,-1
700282,-1
68413,-1
115476,-1
588093,-1
122533,-1
1735272,-1
53165,-1
53172,-1
4866,-1
149828,-1
245804,-1
363046,-1
96421,-1
169780,-1
478226,-1
90868,-1
33166,-1
64942,-1
84701,-1
129122,-1
614628,-1
1380089,-1
612339,-1
1298327,-1
65793,-1
64938,-1
149822,-1
304250,-1
183301,-1
91753,-1
170674,-1
122852,-1
67900,-1
135879,-1
413986,-1
244805,-1
404688,-1
145621,-1
73784,-1
693912,-1
26128,-1
204867,-1
60816,-1
389847,-1
271836,-1
2150,-1
27362,-1
106163,-1
115411,-1
60691,-1
102733,-1
320893,-1
481573,-1
169338,-1
366409,-1
392152,-1
161363,-1
676366,-1
478197,-1
421063,-1
65806,-1
60192,-1
16463,-1
123043,-1
239652,-1
313886,-1
1134924,-1
202543,-1
183729,-1
138507,-1
590580,-1
233743,-1
377263,-1
187621,-1
142495,-1
167082,-1
341917,-1
74660,-1
158467,-1
283440,-1
60649,-1
158567,-1
197406,-1
404632,-1
360009,-1
24462,-1
122514,-1
456445,-1
135949,-1
302830,-1
282075,-1
2264563,-1
79107,-1
132466,-1
243614,-1
209427,-1
481517,-1
524028,-1
473557,-1
17287,-1
63044,-1
303330,-1
291201,-1
382158,-1
26459,-1
158893,-1
94773,-1
19781,-1
79295,-1
27364,-1
145630,-1
294727,-1
122807,-1
153138,-1
394677,-1
181631,-1
483357,-1
77362,-1
78792,-1
100020,-1
100290,-1
112204,-1
112843,-1
1526,-1
282993,-1
188692,-1
62311,-1
270543,-1
125892,-1
18090,-1
53466,-1
653294,-1
197410,-1
366370,-1
16180,-1
418793,-1
477162,-1
249731,-1
50129,-1
26381,-1
77274,-1
867444,-1
259913,-1
219339,-1
529513,-1
69939,-1
291632,-1
461723,-1
164803,-1
245276,-1
364137,-1
44441,-1
56536,-1
6495,-1
610957,-1
21850,-1
60772,-1
52417,-1
52339,-1
22321,-1
582731,-1
582735,-1
460266,-1
1320663,-1
675300,-1
104014,-1
118480,-1
355975,-1
13342,-1
264681,-1
104281,-1
231426,-1
57201,-1
759851,-1
78446,-1
91262,-1
218928,-1
448306,-1
555070,-1
29361,-1
129827,-1
372817,-1
1245002,-1
111711,-1
719520,-1
156438,-1
289432,-1
117830,-1
159797,-1
447908,-1
49519,-1
62265,-1
8073,-1
55321,-1
32935,-1
170675,-1
228699,-1
1299,-1
418220,-1
216474,-1
78634,-1
142390,-1
92531,-1
63914,-1
193124,-1
361557,-1
132703,-1
361634,-1
612588,-1
352742,-1
64281,-1
57272,-1
836401,-1
110014,-1
394139,-1
78885,-1
152067,-1
797192,-1
244790,-1
2180226,-1
91814,-1
1031297,-1
174396,-1
13103,-1
414724,-1
78775,-1
1159924,-1
154155,-1
33705,-1
757002,-1
33309,-1
637727,-1
377242,-1
38730,-1
17155,-1
1199020,-1
111397,-1
135889,-1
738914,-1
51426,-1
32002,-1
29935,-1
86596,-1
204278,-1
52726,-1
29513,-1
29564,-1
546834,-1
50046,-1
247204,-1
92023,-1
90656,-1
77223,-1
98423,-1
278555,-1
145593,-1
107641,-1
25297,-1
300806,-1
192891,-1
122656,-1
582797,-1
117827,-1
98842,-1
285315,-1
60626,-1
62398,-1
79144,-1
829307,-1
50092,-1
66621,-1
99885,-1
309127,-1
100283,-1
486299,-1
111403,-1
597647,-1
130699,-1
80664,-1
440517,-1
518490,-1
555720,-1
62313,-1
118497,-1
56925,-1
100328,-1
299942,-1
16328,-1
280482,-1
58320,-1
565626,-1
219064,-1
514809,-1
803308,-1
215874,-1
324346,-1
663454,-1
115664,-1
154329,-1
509336,-1
251357,-1
198595,-1
458740,-1
764339,-1
32897,-1
26881,-1
8625,-1
389089,-1
316212,-1
31600,-1
280705,-1
542654,-1
151727,-1
659251,-1
680973,-1
18396,-1
830530,-1
457278,-1
224223,-1
210710,-1
97654,-1
229694,-1
78532,-1
55073,-1
45218,-1
331829,-1
379779,-1
222895,-1
91256,-1
280663,-1
137306,-1
303073,-1
11824,-1
158556,-1
214501,-1
366328,-1
122517,-1
983998,-1
138273,-1
147031,-1
62635,-1
125602,-1
813262,-1
370818,-1
417434,-1
229765,-1
247634,-1
60452,-1
111115,-1
70879,-1
214968,-1
458947,-1
747922,-1
596419,-1
249169,-1
138291,-1
77210,-1
247441,-1
215328,-1
185552,-1
72599,-1
238331,-1
100378,-1
87271,-1
27384,-1
1093334,-1
581585,-1
683166,-1
106656,-1
236006,-1
654574,-1
166898,-1
29645,-1
950259,-1
406430,-1
285938,-1
65738,-1
98566,-1
241294,-1
83288,-1
60409,-1
151507,-1
61118,-1
840798,-1
218617,-1
104431,-1
281759,-1
130686,-1
782983,-1
172283,-1
162001,-1
356955,-1
23250,-1
565717,-1
78573,-1
78717,-1
71453,-1
334115,-1
276165,-1
748624,-1
634095,-1
419519,-1
299001,-1
398685,-1
51375,-1
425019,-1
231757,-1
195675,-1
57920,-1
343301,-1
308676,-1
32050,-1
122812,-1
17114,-1
111683,-1
78569,-1
117834,-1
117832,-1
117836,-1
87464,-1
132638,-1
249667,-1
692225,-1
40938,-1
104116,-1
40937,-1
802203,-1
122688,-1
89215,-1
122461,-1
558534,-1
91954,-1
686919,-1
375916,-1
117831,-1
258383,-1
163700,-1
156875,-1
90766,-1
94667,-1
368669,-1
17941,-1
400960,-1
18348,-1
346892,-1
321967,-1
706646,-1
108573,-1
324415,-1
276382,-1
289335,-1
259671,-1
109650,-1
1801888,-1
94872,-1
158487,-1
363582,-1
33117,-1
697597,-1
430326,-1
32846,-1
64318,-1
249645,-1
280358,-1
557023,-1
456108,-1
130811,-1
84917,-1
70859,-1
17269,-1
582339,-1
1374,-1
745318,-1
660409,-1
269411,-1
586828,-1
348941,-1
117853,-1
404915,-1
219425,-1
16606,-1
294951,-1
219235,-1
63108,-1
1305195,-1
950278,-1
34764,-1
91303,-1
827232,-1
110090,-1
280098,-1
528685,-1
36128,-1
1125349,-1
34837,-1
45968,-1
497439,-1
118606,-1
424979,-1
133800,-1
79406,-1
81315,-1
767038,-1
950250,-1
128689,-1
290840,-1
982397,-1
185184,-1
580601,-1
184960,-1
181437,-1
222911,-1
403591,-1
677308,-1
1370944,-1
104018,-1
10760,-1
699352,-1
152074,-1
533477,-1
2330,-1
138199,-1
414625,-1
359907,-1
321173,-1
727,-1
19876,-1
153088,-1
16991,-1
154088,-1
297124,-1
170597,-1
168983,-1
361707,-1
245292,-1
23838,-1
2894,-1
212936,-1
108255,-1
720426,-1
19051,-1
146081,-1
941980,-1
106715,-1
254105,-1
11769,-1
478209,-1
11119,-1
26136,-1
717133,-1
29315,-1
510937,-1
517922,-1
6502,-1
51799,-1
205402,-1
55104,-1
310277,-1
370842,-1
295980,-1
55078,-1
8928,-1
310562,-1
668361,-1
30313,-1
89205,-1
98332,-1
34811,-1
205482,-1
311986,-1
413422,-1
104068,-1
322789,-1
149180,-1
104065,-1
139630,-1
207213,-1
148648,-1
53751,-1
239605,-1
43824,-1
259822,-1
74705,-1
158491,-1
62487,-1
738918,-1
50808,-1
62422,-1
787914,-1
207217,-1
27481,-1
264194,-1
57565,-1
747400,-1
643875,-1
38336,-1
523438,-1
300404,-1
1523602,-1
58696,-1
285398,-1
60156,-1
188068,-1
882990,-1
158554,-1
156188,-1
12967,-1
158617,-1
208809,-1
186077,-1
259703,-1
1695639,-1
104916,-1
302835,-1
600423,-1
408939,-1
79067,-1
450284,-1
76985,-1
93910,-1
338839,-1
94736,-1
212825,-1
142987,-1
57287,-1
305858,-1
49259,-1
22002,-1
185593,-1
60190,-1
378494,-1
259190,-1
35572,-1
189191,-1
11995,-1
243697,-1
557911,-1
222973,-1
168249,-1
329126,-1
633233,-1
168932,-1
294798,-1
8556,-1
91306,-1
27421,-1
392497,-1
439853,-1
60554,-1
600712,-1
188075,-1
22317,-1
92920,-1
353513,-1
204842,-1
209505,-1
151600,-1
657725,-1
408935,-1
1079695,-1
296754,-1
125982,-1
280522,-1
8462,-1
83540,-1
105544,-1
253871,-1
348773,-1
348776,-1
348777,-1
104056,-1
348778,-1
285322,-1
506724,-1
29637,-1
384130,-1
109775,-1
185580,-1
80960,-1
174631,-1
62787,-1
214479,-1
159474,-1
216548,-1
1834,-1
130611,-1
244752,-1
455545,-1
19901,-1
1192,-1
931387,-1
90788,-1
132259,-1
193064,-1
22491,-1
586936,-1
367572,-1
45973,-1
104700,-1
1029286,-1
326753,-1
33412,-1
90824,-1
633326,-1
33632,-1
352052,-1
11464,-1
158510,-1
1457964,-1
244949,-1
92535,-1
51391,-1
98790,-1
170551,-1
348779,-1
1397,-1
26443,-1
191000,-1
457996,-1
65984,-1
69866,-1
308013,-1
139815,-1
49993,-1
480353,-1
192950,-1
190678,-1
257000,-1
60755,-1
439687,-1
40276,-1
634544,-1
125641,-1
57306,-1
128089,-1
149587,-1
489392,-1
79045,-1
109754,-1
259727,-1
1024887,-1
136629,-1
29307,-1
161410,-1
132465,-1
17159,-1
212865,-1
98475,-1
390921,-1
214487,-1
79047,-1
720182,-1
410479,-1
51082,-1
394144,-1
756040,-1
187073,-1
546883,-1
1789858,-1
53788,-1
212848,-1
79510,-1
26223,-1
79078,-1
28456,-1
91788,-1
248444,-1
377251,-1
925279,-1
291736,-1
137296,-1
829012,-1
19034,-1
55093,-1
67898,-1
190719,-1
96524,-1
113566,-1
251883,-1
353507,-1
565442,-1
23321,-1
1186630,-1
894946,-1
109790,-1
715843,-1
78939,-1
78865,-1
339259,-1
170603,-1
52422,-1
29559,-1
98792,-1
62652,-1
186063,-1
8709,-1
130041,-1
405855,-1
353130,-1
90101,-1
154774,-1
49995,-1
16663,-1
709888,-1
654433,-1
259642,-1
111215,-1
587038,-1
163826,-1
1070245,-1
23303,-1
249648,-1
665284,-1
1471656,-1
1185911,-1
145610,-1
138152,-1
87505,-1
370426,-1
631227,-1
161948,-1
158509,-1
170580,-1
62478,-1
541096,-1
214737,-1
382105,-1
79168,-1
557030,-1
644546,-1
228703,-1
256920,-1
89311,-1
66332,-1
72448,-1
133279,-1
557873,-1
87449,-1
22519,-1
60171,-1
122863,-1
117842,-1
294802,-1
100058,-1
79011,-1
519879,-1
125626,-1
290169,-1
253255,-1
278606,-1
293105,-1
557024,-1
756990,-1
520208,-1
410981,-1
23346,-1
26202,-1
98629,-1
212839,-1
108710,-1
62769,-1
202595,-1
180218,-1
494129,-1
168956,-1
875990,-1
276388,-1
1198300,-1
407536,-1
187082,-1
11067,-1
259634,-1
212841,-1
55090,-1
11094,-1
172747,-1
332794,-1
60466,-1
457992,-1
22000,-1
308020,-1
23837,-1
438823,-1
11075,-1
101750,-1
8493,-1
161038,-1
294954,-1
60212,-1
149570,-1
302956,-1
450296,-1
1072192,-1
125605,-1
142407,-1
249672,-1
187091,-1
62443,-1
166588,-1
400969,-1
288510,-1
261673,-1
599626,-1
72381,-1
125634,-1
169114,-1
457258,-1
472821,-1
501998,-1
62401,-1
632245,-1
394692,-1
354381,-1
45986,-1
243588,-1
640589,-1
78904,-1
117843,-1
151610,-1
151616,-1
151620,-1
23553,-1
196987,-1
68939,-1
108696,-1
23822,-1
294053,-1
97502,-1
117852,-1
117844,-1
565423,-1
835717,-1
193295,-1
23821,-1
273058,-1
414659,-1
114901,-1
117892,-1
2887,-1
651320,-1
53955,-1
62400,-1
60527,-1
160383,-1
1174,-1
313892,-1
187093,-1
94699,-1
407879,-1
169110,-1
154782,-1
139147,-1
108692,-1
441960,-1
13166,-1
1078021,-1
129076,-1
79230,-1
355724,-1
674465,-1
366391,-1
156882,-1
117896,-1
29312,-1
78934,-1
92040,-1
117848,-1
117854,-1
51083,-1
125332,-1
245290,-1
8561,-1
660290,-1
145620,-1
308011,-1
300586,-1
217725,-1
141194,-1
17473,-1
127154,-1
106544,-1
458050,-1
114873,-1
78976,-1
346220,-1
352014,-1
28540,-1
60497,-1
158612,-1
531130,-1
236760,-1
366383,-1
300371,-1
377283,-1
653693,-1
62726,-1
565469,-1
26274,-1
800226,-1
79316,-1
210184,-1
215914,-1
369430,-1
44363,-1
16820,-1
109750,-1
139713,-1
167065,-1
133994,-1
375169,-1
33666,-1
175100,-1
187085,-1
845202,-1
112448,-1
31779,-1
180363,-1
650039,-1
280136,-1
22263,-1
51094,-1
843483,-1
94732,-1
599800,-1
559634,-1
57710,-1
154567,-1
187094,-1
557027,-1
116746,-1
578877,-1
219433,-1
214081,-1
37909,-1
480347,-1
487141,-1
23820,-1
398822,-1
33224,-1
151653,-1
174367,-1
80929,-1
82208,-1
122722,-1
96317,-1
382181,-1
22005,-1
175617,-1
18989,-1
90959,-1
58895,-1
296761,-1
219022,-1
533467,-1
575639,-1
187092,-1
159486,-1
640567,-1
355429,-1
163083,-1
79282,-1
1634788,-1
152910,-1
91803,-1
757010,-1
742527,-1
62495,-1
69967,-1
410741,-1
92906,-1
97231,-1
28981,-1
245298,-1
162791,-1
110084,-1
64716,-1
145186,-1
169238,-1
11998,-1
515812,-1
293137,-1
203202,-1
865291,-1
1116701,-1
227718,-1
54147,-1
26450,-1
348948,-1
1470883,-1
398794,-1
292303,-1
481550,-1
214211,-1
247984,-1
320811,-1
60873,-1
477668,-1
131482,-1
243685,-1
60435,-1
163698,-1
130234,-1
163964,-1
52291,-1
59308,-1
1041187,-1
158555,-1
294794,-1
97236,-1
31792,-1
49824,-1
273045,-1
274065,-1
17954,-1
558502,-1
19123,-1
58840,-1
221967,-1
64821,-1
319469,-1
611183,-1
236012,-1
350982,-1
168015,-1
349279,-1
1132890,-1
1157296,-1
321179,-1
165982,-1
97646,-1
60668,-1
98441,-1
75305,-1
108716,-1
533350,-1
60684,-1
108719,-1
161412,-1
94835,-1
347242,-1
553059,-1
112058,-1
601466,-1
60547,-1
850561,-1
486699,-1
133272,-1
1038349,-1
557022,-1
283463,-1
278598,-1
247376,-1
254106,-1
61045,-1
108717,-1
132585,-1
79298,-1
145660,-1
23294,-1
100330,-1
554405,-1
217735,-1
583408,-1
236445,-1
198421,-1
86445,-1
698083,-1
215514,-1
320813,-1
741463,-1
721775,-1
208401,-1
354517,-1
238889,-1
99968,-1
289406,-1
187780,-1
46028,-1
125663,-1
139937,-1
518377,-1
472490,-1
91978,-1
93426,-1
31005,-1
382264,-1
321409,-1
309960,-1
69946,-1
290168,-1
60439,-1
167078,-1
470859,-1
79330,-1
96307,-1
883156,-1
294949,-1
112905,-1
587366,-1
98437,-1
158659,-1
308913,-1
261607,-1
11419,-1
52294,-1
73413,-1
303176,-1
421120,-1
509986,-1
89313,-1
62590,-1
157884,-1
670593,-1
139246,-1
291706,-1
303370,-1
544862,-1
214064,-1
362653,-1
362655,-1
656739,-1
91981,-1
343456,-1
196017,-1
28132,-1
53171,-1
410738,-1
713442,-1
23833,-1
62390,-1
182237,-1
459009,-1
108735,-1
106586,-1
111189,-1
60465,-1
6735,-1
144259,-1
189638,-1
5193,-1
354461,-1
51088,-1
64838,-1
139826,-1
33467,-1
27453,-1
37963,-1
89346,-1
8672,-1
11848,-1
151882,-1
182231,-1
343463,-1
19922,-1
303369,-1
738445,-1
271884,-1
528059,-1
44200,-1
11842,-1
285937,-1
98385,-1
304405,-1
115185,-1
153087,-1
304167,-1
229963,-1
628782,-1
91875,-1
470842,-1
78315,-1
202042,-1
192417,-1
400543,-1
416082,-1
261786,-1
446796,-1
290061,-1
538542,-1
615002,-1
643835,-1
745034,-1
823419,-1
861598,-1
278614,-1
441592,-1
1236288,-1
1178745,-1
529459,-1
159729,-1
1355153,-1
1390692,-1
1406482,-1
1329666,-1
968000,-1
263906,-1
91963,-1
1328956,-1
341146,-1
1615948,-1
781632,-1
987785,-1
1688367,-1
302929,-1
1743900,-1
1384757,-1
1806285,-1
684939,-1
1841825,-1
1874039,-1
1626269,-1
1916525,-1
2060127,-1
2073405,-1
925593,-1
1233260,-1
1267735,-1
1959287,-1
2146525,-1
890734,-1
1887160,-1
1743793,-1
1225138,-1
2212189,-1
1468762,-1
439681,-1
398680,-1
2263877,-1
398855,-1
2354158,-1
471955,-1
471960,-1
2079991,-1
2439469,-1
1969119,-1
1199273,-1
913499,-1
217747,-1
682915,-1
1390544,-1
915458,-1
1854255,-1
2600586,-1
2275951,-1
2600848,-1
2619134,-1
2533049,-1
1160718,-1
87637,-1
1051516,-1
1133525,-1
2734133,-1
252713,-1
2097795,-1
1177981,-1
1376568,-1
791977,-1
728020,-1
2833320,-1
1293490,-1
777075,-1
1789079,-1
2239132,-1
795366,-1
802097,-1
2163525,-1
2141711,-1
3025092,-1
322667,-1
715868,-1
2756076,-1
1265699,-1
2288116,-1
437048,-1
853127,-1
283328,-1
1658264,-1
2606782,-1
3130040,-1
2567678,-1
2666758,-1
80154,-1
754557,-1
1013762,-1
702273,-1
1174661,-1
1131320,-1
890233,-1
2021277,-1
843109,-1
1042481,-1
128799,-1
1220494,-1
253898,-1
908135,-1
1738495,-1
1783001,-1
1212514,-1
1628173,-1
3004418,-1
2802174,-1
2313347,-1
686327,-1
829127,-1
1825481,-1
1028937,-1
1272624,-1
1428117,-1
300294,-1
3027600,-1
1321132,-1
78331,-1
1069576,-1
551599,-1
2414078,-1
2806719,-1
1027773,-1
440453,-1
674899,-1
1354600,-1
3035421,-1
1555941,-1
4111694,-1
1861700,-1
773967,-1
2154854,-1
823049,-1
233726,-1
831216,-1
2950739,-1
2325129,-1
329043,-1
2074853,-1
35619,-1
502992,-1
1391358,-1
381106,-1
1860815,-1
1688929,-1
1398062,-1
3171276,-1
392134,-1
3262647,-1
438529,-1
3319443,-1
2267434,-1
316616,-1
2652943,-1
4723582,-1
3613811,-1
2725068,-1
671416,-1
2365055,-1
1691772,-1
1787063,-1
2236694,-1
353212,-1
3956001,-1
437720,-1
608172,-1
1087207,-1
2317560,-1
1072875,-1
39735,-1
1127453,-1
875285,-1
85575,-1
1151160,-1
1301433,-1
91293,-1
1808153,-1
608432,-1
765471,-1
723599,-1
3052852,-1
375237,-1
2643167,-1
114366,-1
463821,-1
4044102,-1
2863552,-1
1888902,-1
1466281,-1
678927,-1
880173,-1
636024,-1
507395,-1
2351256,-1
3148791,-1
779890,-1
2313525,-1
4810411,-1
248842,-1
2012960,-1
1557895,-1
2607017,-1
2582240,-1
2619294,-1
5060127,-1
2497793,-1
1384741,-1
677141,-1
1513128,-1
837796,-1
2259065,-1
2397497,-1
1685397,-1
233525,-1
1239162,-1
1798837,-1
2359644,-1
2274080,-1
795235,-1
1905701,-1
1469922,-1
3275333,-1
3033056,-1
4160526,-1
463092,-1
3937881,-1
2349159,-1
573396,-1
3512998,-1
1582732,-1
88024,-1
2839539,-1
2097514,-1
3255684,-1
1186028,-1
3650926,-1
4232122,-1
4927337,-1
3631828,-1
441971,-1
2407580,-1
190616,-1
2719928,-1
1126121,-1
1228544,-1
2250773,-1
1471697,-1
1804338,-1
3294031,-1
1039534,-1
3181930,-1
1006369,-1
1919148,-1
4762901,-1
142334,-1
691030,-1
725763,-1
1690666,-1
995775,-1
1047184,-1
3915847,-1
411794,-1
745121,-1
513379,-1
383110,-1
574962,-1
742656,-1
1642460,-1
394550,-1
520477,-1
2072571,-1
1781431,-1
4066813,-1
2614897,-1
1324110,-1
1907011,-1
1812828,-1
2175028,-1
1546952,-1
1963014,-1
241751,-1
1670770,-1
3309737,-1
323123,-1
2458752,-1
2216475,-1
1641201,-1
382547,-1
1862570,-1
197411,-1
78320,-1
122497,-1
288266,-1
312860,-1
365478,-1
368625,-1
474677,-1
490191,-1
618574,-1
624354,-1
743241,-1
757979,-1
827995,-1
840458,-1
840465,-1
865588,-1
894166,-1
833848,-1
351975,-1
78818,-1
1022312,-1
377098,-1
1179096,-1
294984,-1
751365,-1
1282218,-1
1291002,-1
1406520,-1
320444,-1
104735,-1
907954,-1
982840,-1
739177,-1
41236,-1
1453192,-1
33615,-1
1680815,-1
1688456,-1
284836,-1
760971,-1
1794046,-1
923311,-1
405556,-1
208874,-1
1933184,-1
291110,-1
1988648,-1
2014296,-1
2056887,-1
2057607,-1
2073569,-1
793475,-1
1289367,-1
1443414,-1
2262893,-1
2336755,-1
2402870,-1
2439606,-1
1227063,-1
790425,-1
608441,-1
88143,-1
714965,-1
714983,-1
1152262,-1
204881,-1
576590,-1
2608305,-1
2033500,-1
247519,-1
486317,-1
1959738,-1
2105744,-1
550192,-1
2913287,-1
307986,-1
2145710,-1
328009,-1
542760,-1
2173447,-1
1823061,-1
297473,-1
130327,-1
817455,-1
906629,-1
3204215,-1
275740,-1
2582540,-1
2870144,-1
1479200,-1
3244933,-1
964813,-1
528212,-1
1179250,-1
837464,-1
3289743,-1
629330,-1
414780,-1
843007,-1
3335195,-1
2656867,-1
3019917,-1
3454869,-1
126004,-1
2393214,-1
1460502,-1
810740,-1
79607,-1
3638518,-1
1494982,-1
1539426,-1
2492064,-1
2858690,-1
699371,-1
1236053,-1
2817662,-1
1084080,-1
2774031,-1
2344776,-1
823052,-1
3994194,-1
1925051,-1
1198761,-1
2169865,-1
73591,-1
524611,-1
957705,-1
902641,-1
1546194,-1
212888,-1
883165,-1
2204451,-1
676111,-1
2492076,-1
130756,-1
1761942,-1
3700209,-1
1564440,-1
555048,-1
1543864,-1
2620714,-1
1470124,-1
430391,-1
665244,-1
4387059,-1
4245806,-1
4347521,-1
1733375,-1
1367497,-1
828994,-1
157580,-1
4589536,-1
2342833,-1
2300527,-1
1683862,-1
1659736,-1
3634342,-1
3399259,-1
2325510,-1
4740902,-1
2625671,-1
2204377,-1
4787431,-1
418471,-1
1127755,-1
1043248,-1
3305196,-1
408997,-1
2931311,-1
1908883,-1
248834,-1
282849,-1
1196498,-1
4600069,-1
1407702,-1
1326428,-1
829872,-1
267724,-1
3493552,-1
3511071,-1
37368,-1
1206288,-1
897258,-1
643182,-1
746068,-1
373407,-1
2009924,-1
3907477,-1
1407303,-1
503039,-1
1478018,-1
1684732,-1
3586966,-1
3491704,-1
2675068,-1
1912083,-1
2288377,-1
1524335,-1
4074410,-1
4280506,-1
2716170,-1
1936273,-1
452138,-1
967997,-1
561317,-1
227979,-1
1842359,-1
470021,-1
3228041,-1
4215181,-1
4089285,-1
803926,-1
684307,-1
145194,-1
2934957,-1
3316869,-1
8501,-1
842234,-1
1080870,-1
1193866,-1
2213651,-1
507423,-1
1806575,-1
1444038,-1
1310400,-1
1706557,-1
291330,-1
458522,-1
2112486,-1
397018,-1
2284132,-1
2223978,-1
1415987,-1
588528,-1
142295,-1
489473,-1
1251694,-1
2162281,-1
64845,-1
1863715,-1
1745816,-1
2413777,-1
509324,-1
636534,-1
234254,-1
2571022,-1
2731061,-1
692189,-1
1525576,-1
1163359,-1
1983987,-1
1460545,-1
3872978,-1
219085,-1
3264715,-1
188407,-1
3179079,-1
2220781,-1
836526,-1
836524,-1
1946488,-1
88495,-1
2047999,-1
1388103,-1
1985818,-1
2470716,-1
1652317,-1
97621,-1
270700,-1
2087425,-1
614401,-1
3404945,-1
3142141,-1
1274999,-1
182669,-1
2835665,-1
3371717,-1
2557022,-1
910860,-1
78916,-1
3077976,-1
163984,-1
1762360,-1
2289237,-1
4303308,-1
2367285,-1
430129,-1
2392154,-1
3501585,-1
1819283,-1
1670100,-1
1685782,-1
1619643,-1
299884,-1
358361,-1
400660,-1
502242,-1
243243,-1
325719,-1
752123,-1
780864,-1
794868,-1
828276,-1
341935,-1
163038,-1
995472,-1
379453,-1
520532,-1
1139899,-1
375133,-1
406146,-1
1047069,-1
908907,-1
1381339,-1
1424428,-1
761710,-1
205891,-1
1504916,-1
430314,-1
78402,-1
1534559,-1
1634467,-1
410091,-1
1494066,-1
1461776,-1
325877,-1
762077,-1
1748035,-1
1755203,-1
1773042,-1
1780760,-1
975579,-1
1850613,-1
154158,-1
1924304,-1
1549494,-1
1221489,-1
593289,-1
2112336,-1
98494,-1
80227,-1
761564,-1
2357086,-1
672538,-1
384021,-1
1276931,-1
690546,-1
1467546,-1
2659305,-1
2710804,-1
578860,-1
373355,-1
1076806,-1
635590,-1
329058,-1
1782773,-1
3015720,-1
1428638,-1
412295,-1
2535678,-1
2554877,-1
2353967,-1
2071975,-1
557797,-1
3213637,-1
3232705,-1
1639919,-1
1326389,-1
410968,-1
3258843,-1
3256063,-1
3293974,-1
3293977,-1
2697004,-1
1644332,-1
629692,-1
3302077,-1
1956420,-1
3363578,-1
394293,-1
2106237,-1
1671048,-1
288569,-1
2632625,-1
550132,-1
289514,-1
2736944,-1
3680038,-1
3680724,-1
18001,-1
751503,-1
699374,-1
912622,-1
382092,-1
3099262,-1
3785470,-1
1014992,-1
3802117,-1
291628,-1
2940857,-1
891949,-1
1639481,-1
2823002,-1
289360,-1
3005442,-1
4003121,-1
3976099,-1
1784636,-1
703655,-1
483645,-1
213481,-1
822808,-1
1319338,-1
1282397,-1
1366029,-1
921628,-1
1016749,-1
926858,-1
2570038,-1
2527326,-1
953895,-1
3465298,-1
645361,-1
922099,-1
57761,-1
944116,-1
1147024,-1
3194424,-1
350767,-1
1486426,-1
2533067,-1
2999019,-1
1794423,-1
1695475,-1
138590,-1
1001872,-1
394568,-1
2003421,-1
364160,-1
3608259,-1
2014303,-1
480710,-1
2864778,-1
2213288,-1
2504686,-1
1550357,-1
751739,-1
1302119,-1
920287,-1
2292245,-1
1168947,-1
2542409,-1
3863798,-1
223035,-1
2984856,-1
616261,-1
2582465,-1
2957275,-1
3688757,-1
2136558,-1
489507,-1
3539707,-1
3408468,-1
1267328,-1
2700085,-1
844389,-1
371393,-1
1720280,-1
726156,-1
167360,-1
663722,-1
2008414,-1
1228799,-1
679219,-1
3948111,-1
943396,-1
1878948,-1
2869928,-1
1556005,-1
1330777,-1
813892,-1
2213194,-1
3273030,-1
629780,-1
2600977,-1
501014,-1
718357,-1
212995,-1
76335,-1
114160,-1
3833929,-1
1073864,-1
1555942,-1
309595,-1
2671608,-1
1022078,-1
1948030,-1
403578,-1
650179,-1
2523721,-1
2047498,-1
998230,-1
79123,-1
353535,-1
1509742,-1
457279,-1
609066,-1
111760,-1
444719,-1
1857777,-1
1271432,-1
2894362,-1
2663223,-1
2582810,-1
5359094,-1
2259044,-1
1136169,-1
960556,-1
3168805,-1
1952046,-1
2120603,-1
3956742,-1
331927,-1
54408,-1
3574834,-1
1825819,-1
613404,-1
3779903,-1
3042708,-1
587084,-1
1733050,-1
1097363,-1
470352,-1
562587,-1
1228081,-1
219091,-1
391978,-1
973787,-1
1577843,-1
443974,-1
1165136,-1
79802,-1
365064,-1
455711,-1
699459,-1
2291645,-1
2351395,-1
1880119,-1
579343,-1
1373815,-1
1898913,-1
2108816,-1
3379198,-1
4029657,-1
4545981,-1
35251,-1
1335360,-1
2557085,-1
2161648,-1
2559130,-1
2012900,-1
3476287,-1
3154291,-1
1061450,-1
448961,-1
100329,-1
287242,-1
2196994,-1
791109,-1
844253,-1
626313,-1
803331,-1
78408,-1
124771,-1
312331,-1
332161,-1
452386,-1
472566,-1
608010,-1
410437,-1
720171,-1
149469,-1
787212,-1
109606,-1
835712,-1
1113956,-1
406552,-1
1181658,-1
884030,-1
107062,-1
78524,-1
404515,-1
1205375,-1
662959,-1
149199,-1
1029267,-1
805533,-1
292096,-1
1548162,-1
1594078,-1
1042438,-1
17376,-1
1680222,-1
1709442,-1
30295,-1
701854,-1
329955,-1
985207,-1
1763016,-1
1806352,-1
398254,-1
1037472,-1
1841457,-1
1470053,-1
424887,-1
189371,-1
913836,-1
547812,-1
398261,-1
457384,-1
1580311,-1
2136851,-1
167688,-1
588737,-1
1795411,-1
246841,-1
2333639,-1
2359637,-1
1361963,-1
307621,-1
2231451,-1
761722,-1
2450360,-1
852117,-1
651767,-1
1485847,-1
796631,-1
1066209,-1
2697668,-1
2789501,-1
637560,-1
1915602,-1
2899978,-1
1312526,-1
1792814,-1
2941863,-1
534780,-1
1433139,-1
101833,-1
1204704,-1
1495826,-1
631681,-1
1794802,-1
78759,-1
2796471,-1
3098454,-1
519422,-1
2080486,-1
1274480,-1
2794821,-1
8460,-1
382329,-1
957690,-1
79606,-1
840805,-1
870207,-1
480344,-1
1969506,-1
3378439,-1
133390,-1
1363121,-1
3433326,-1
3454970,-1
3023629,-1
1801133,-1
589041,-1
472498,-1
1667610,-1
1189962,-1
241744,-1
3641471,-1
628153,-1
491150,-1
1984988,-1
184952,-1
2681291,-1
3350447,-1
930499,-1
106362,-1
1348236,-1
356605,-1
3982323,-1
560166,-1
416860,-1
577993,-1
483512,-1
765516,-1
780072,-1
4164260,-1
2264335,-1
420030,-1
2517672,-1
628303,-1
1682045,-1
1748446,-1
97528,-1
1030766,-1
2074676,-1
2083440,-1
3540318,-1
2565928,-1
3566760,-1
4402651,-1
571637,-1
1136994,-1
3632549,-1
576281,-1
1952092,-1
3509926,-1
158587,-1
603700,-1
404557,-1
534720,-1
2584508,-1
291784,-1
351149,-1
2326882,-1
1860391,-1
3698356,-1
1456222,-1
1914846,-1
1719936,-1
4181400,-1
996457,-1
17899,-1
903294,-1
815767,-1
215937,-1
1621931,-1
1417215,-1
729284,-1
348274,-1
1165556,-1
4818336,-1
3817315,-1
1333706,-1
1040652,-1
442786,-1
2770430,-1
614384,-1
903510,-1
3109066,-1
2633771,-1
1738961,-1
1273134,-1
3079835,-1
1181513,-1
597874,-1
4278019,-1
388908,-1
1083960,-1
1067377,-1
3487596,-1
193438,-1
1524357,-1
245374,-1
4617931,-1
2542315,-1
58213,-1
1615246,-1
3848417,-1
2565717,-1
1344339,-1
2234872,-1
1414562,-1
391946,-1
487662,-1
3729723,-1
5004425,-1
2225970,-1
3584869,-1
411110,-1
406436,-1
963856,-1
514514,-1
2208607,-1
1853150,-1
977351,-1
265830,-1
1519125,-1
2419053,-1
1037195,-1
3064412,-1
583506,-1
2618321,-1
2214715,-1
3868650,-1
1784686,-1
4691361,-1
1579881,-1
3556579,-1
141662,-1
3909911,-1
2914377,-1
3007965,-1
4769507,-1
4595405,-1
1914700,-1
860041,-1
1702851,-1
1921362,-1
1245213,-1
1841968,-1
1189927,-1
3039448,-1
3227448,-1
910605,-1
2905486,-1
1313613,-1
626269,-1
942137,-1
43895,-1
4109213,-1
2324763,-1
789118,-1
754550,-1
1435680,-1
1304848,-1
2693563,-1
3173829,-1
61088,-1
587912,-1
78693,-1
3883523,-1
1135423,-1
82959,-1
2162067,-1
2678741,-1
1924653,-1
1927143,-1
373670,-1
106520,-1
423585,-1
449289,-1
394219,-1
147504,-1
653673,-1
382013,-1
636131,-1
704343,-1
853152,-1
78458,-1
954170,-1
1000352,-1
538632,-1
623185,-1
1165504,-1
1258745,-1
1197637,-1
726861,-1
142476,-1
1403502,-1
521312,-1
1202612,-1
1709464,-1
79026,-1
715675,-1
780817,-1
1752767,-1
761211,-1
270442,-1
931815,-1
289120,-1
811976,-1
2018204,-1
291200,-1
874419,-1
619916,-1
567974,-1
600553,-1
1415555,-1
1391297,-1
2323175,-1
843390,-1
365213,-1
972967,-1
485672,-1
2440100,-1
1927837,-1
1170656,-1
1136293,-1
754764,-1
1203598,-1
2601372,-1
195563,-1
312673,-1
1422723,-1
1465537,-1
1347220,-1
566176,-1
2746119,-1
2153939,-1
1193878,-1
620301,-1
740381,-1
99866,-1
82037,-1
296688,-1
1737831,-1
2365054,-1
537788,-1
1462849,-1
960351,-1
229751,-1
3333169,-1
3370625,-1
1662749,-1
1563329,-1
1903428,-1
967011,-1
653753,-1
1678916,-1
407450,-1
857062,-1
861052,-1
3192477,-1
248861,-1
2215331,-1
3251668,-1
26854,-1
1177588,-1
369785,-1
1177756,-1
231828,-1
3489862,-1
1985816,-1
3880193,-1
87647,-1
3902219,-1
1901765,-1
2250896,-1
556615,-1
2257200,-1
2379223,-1
873305,-1
2281476,-1
73412,-1
2970751,-1
936382,-1
225060,-1
2042348,-1
4273379,-1
359734,-1
2216638,-1
1557094,-1
1546514,-1
208415,-1
2852961,-1
1689240,-1
2876672,-1
765788,-1
2267438,-1
408124,-1
2841704,-1
85319,-1
3294425,-1
1811029,-1
865349,-1
1286332,-1
251837,-1
339749,-1
30436,-1
2921004,-1
115590,-1
2984941,-1
3235502,-1
923281,-1
1641240,-1
2734937,-1
441558,-1
4778021,-1
1409136,-1
1018524,-1
1330842,-1
3165813,-1
22139,-1
54100,-1
1457370,-1
2399204,-1
496242,-1
2198781,-1
2058705,-1
3860806,-1
1670130,-1
932955,-1
2791275,-1
3471506,-1
4114976,-1
517866,-1
3868803,-1
1546965,-1
2902818,-1
906663,-1
291292,-1
1276411,-1
122967,-1
2207212,-1
570149,-1
4266265,-1
2179689,-1
2307285,-1
491500,-1
3823076,-1
472841,-1
5003160,-1
572085,-1
518538,-1
4883602,-1
1015008,-1
389184,-1
2846197,-1
1647044,-1
565249,-1
1289544,-1
542396,-1
5117715,-1
3419131,-1
941403,-1
1465444,-1
2122703,-1
890794,-1
169645,-1
1971591,-1
1875640,-1
2823541,-1
1229577,-1
999757,-1
898178,-1
1049948,-1
2279379,-1
495739,-1
533061,-1
3145167,-1
216539,-1
3486496,-1
819323,-1
3408336,-1
456418,-1
859095,-1
3611279,-1
163689,-1
2178395,-1
4920392,-1
3736420,-1
1257942,-1
2543375,-1
235811,-1
3281167,-1
556656,-1
2725888,-1
416861,-1
2196848,-1
913840,-1
1475185,-1
1367684,-1
79231,-1
1809213,-1
114413,-1
249769,-1
5067595,-1
845268,-1
172380,-1
1681427,-1
3537996,-1
160863,-1
3003331,-1
1027262,-1
6829116,-1
37394,-1
186160,-1
227368,-1
294726,-1
319591,-1
271627,-1
440486,-1
553874,-1
745130,-1
754492,-1
758905,-1
572101,-1
845157,-1
753817,-1
745984,-1
1041477,-1
732988,-1
1123991,-1
1124953,-1
1125754,-1
1155547,-1
1181584,-1
304903,-1
187627,-1
256454,-1
583529,-1
589292,-1
817680,-1
1534682,-1
1620663,-1
158547,-1
60736,-1
951459,-1
1843681,-1
1846928,-1
371859,-1
1594166,-1
708588,-1
533977,-1
2074156,-1
1911298,-1
2090183,-1
221584,-1
711537,-1
918044,-1
2214740,-1
1788968,-1
1193708,-1
736496,-1
257122,-1
1028897,-1
2191826,-1
1674992,-1
865621,-1
1042044,-1
984983,-1
1544211,-1
2128632,-1
1477238,-1
167711,-1
45748,-1
738240,-1
210333,-1
901199,-1
930299,-1
2085206,-1
2462134,-1
290867,-1
924122,-1
603536,-1
1343910,-1
2732172,-1
455676,-1
455686,-1
1079671,-1
455682,-1
455679,-1
455681,-1
455683,-1
654342,-1
1721882,-1
606911,-1
207708,-1
2279375,-1
3183661,-1
491461,-1
1563686,-1
998674,-1
580676,-1
57350,-1
57349,-1
2608565,-1
3111626,-1
231730,-1
3637303,-1
1011598,-1
3305542,-1
86637,-1
731598,-1
746364,-1
3025456,-1
889692,-1
169103,-1
2085210,-1
2021441,-1
761069,-1
805536,-1
4080071,-1
2323265,-1
720215,-1
918955,-1
2205017,-1
2478441,-1
2672723,-1
1816582,-1
104015,-1
546493,-1
905846,-1
229982,-1
1140741,-1
2121047,-1
2042136,-1
1407724,-1
1724459,-1
207221,-1
545341,-1
2786288,-1
587602,-1
3247054,-1
537215,-1
3260579,-1
4318374,-1
1163103,-1
4688516,-1
100052,-1
294752,-1
1363882,-1
2189013,-1
1135776,-1
2522810,-1
1976613,-1
577143,-1
2175983,-1
844984,-1
2687562,-1
2183446,-1
314043,-1
65748,-1
1683013,-1
2112920,-1
2484063,-1
3588509,-1
1926325,-1
862117,-1
1073312,-1
3855990,-1
2942145,-1
903319,-1
3281895,-1
414856,-1
1624078,-1
899869,-1
2384408,-1
1482677,-1
759054,-1
3234574,-1
1019901,-1
871904,-1
519542,-1
1632462,-1
829652,-1
1335518,-1
443938,-1
3199354,-1
263619,-1
3734800,-1
3035434,-1
1508753,-1
1444952,-1
465965,-1
2538893,-1
2358874,-1
4951715,-1
910625,-1
404591,-1
247480,-1
1659298,-1
406142,-1
1419172,-1
295893,-1
441951,-1
1403712,-1
670918,-1
844290,-1
693559,-1
685701,-1
2766134,-1
1320953,-1
378154,-1
3878963,-1
3903163,-1
1977945,-1
981093,-1
2812039,-1
330649,-1
289509,-1
2758651,-1
1176767,-1
241727,-1
1094958,-1
304162,-1
485934,-1
1241986,-1
1946535,-1
737149,-1
2194751,-1
896529,-1
4586742,-1
862998,-1
747780,-1
476624,-1
1053337,-1
2468074,-1
8837,-1
2485557,-1
987775,-1
108134,-1
216453,-1
252468,-1
321150,-1
410031,-1
440491,-1
488216,-1
519804,-1
540744,-1
616556,-1
622283,-1
634724,-1
227397,-1
658647,-1
269774,-1
406672,-1
714723,-1
276009,-1
149550,-1
408117,-1
929808,-1
375147,-1
1152517,-1
517592,-1
1174137,-1
1193765,-1
1309633,-1
331893,-1
412983,-1
540939,-1
267778,-1
1040250,-1
650231,-1
1529523,-1
1478016,-1
595895,-1
1681741,-1
1015737,-1
326256,-1
1396986,-1
78701,-1
1069705,-1
1911449,-1
950184,-1
464819,-1
746972,-1
639564,-1
1402504,-1
248825,-1
2074299,-1
88051,-1
627214,-1
2234336,-1
2300047,-1
1610902,-1
2344228,-1
1431377,-1
1544206,-1
683095,-1
644422,-1
812944,-1
305373,-1
448890,-1
394492,-1
78995,-1
2566697,-1
2601906,-1
503043,-1
2693050,-1
2700517,-1
641609,-1
378619,-1
2129067,-1
2811920,-1
247417,-1
561777,-1
1834828,-1
1924659,-1
2212573,-1
2012873,-1
936615,-1
929404,-1
2185427,-1
1029284,-1
159468,-1
1177934,-1
2720193,-1
1204708,-1
3204361,-1
478400,-1
3284189,-1
730665,-1
480756,-1
1177940,-1
2563796,-1
1397397,-1
781625,-1
3597893,-1
3634244,-1
298445,-1
3400231,-1
375281,-1
13399,-1
1535589,-1
92565,-1
3059995,-1
636496,-1
2488000,-1
3738321,-1
1967590,-1
263552,-1
61208,-1
1774573,-1
1943340,-1
1206831,-1
2032773,-1
1582423,-1
3618240,-1
3700210,-1
3847727,-1
2027951,-1
28071,-1
99942,-1
341420,-1
3205590,-1
2429516,-1
3588008,-1
551496,-1
529863,-1
635932,-1
593034,-1
1570360,-1
2399076,-1
398804,-1
1578014,-1
882806,-1
1379644,-1
4400896,-1
1402774,-1
1370823,-1
3874230,-1
1134258,-1
1675883,-1
4447258,-1
606008,-1
1286017,-1
583411,-1
4043746,-1
4270477,-1
1546515,-1
1625053,-1
4557914,-1
4210463,-1
1005242,-1
3845974,-1
96273,-1
2570113,-1
170428,-1
3149206,-1
391738,-1
1271231,-1
1759493,-1
19995,-1
457178,-1
304149,-1
2210634,-1
860995,-1
2501235,-1
1028041,-1
2960125,-1
140373,-1
2047280,-1
1952106,-1
2640071,-1
3727286,-1
1562165,-1
8833,-1
358665,-1
1208798,-1
2109908,-1
2315819,-1
1138244,-1
4216080,-1
388947,-1
1618466,-1
545962,-1
1192812,-1
353722,-1
547579,-1
1625094,-1
3881125,-1
1575413,-1
1394616,-1
1287410,-1
3082574,-1
1199609,-1
8692,-1
310063,-1
5307368,-1
3942443,-1
1987947,-1
1688947,-1
1122845,-1
2333229,-1
3545119,-1
1743922,-1
844912,-1
1662718,-1
289537,-1
82112,-1
189228,-1
2163955,-1
1304653,-1
1486982,-1
3374254,-1
109638,-1
1691072,-1
1545186,-1
3681068,-1
1207728,-1
1911541,-1
464973,-1
390036,-1
2068840,-1
738093,-1
2500613,-1
1571579,-1
1111726,-1
884020,-1
3988975,-1
2666661,-1
1646490,-1
1909061,-1
761556,-1
1615148,-1
2891950,-1
1188306,-1
1031583,-1
1793283,-1
4454445,-1
2499969,-1
2245827,-1
544668,-1
404507,-1
1278506,-1
608224,-1
1302118,-1
1466635,-1
1015684,-1
1771111,-1
251350,-1
1390670,-1
104666,-1
330537,-1
395395,-1
402528,-1
413739,-1
484483,-1
376461,-1
643127,-1
676613,-1
745249,-1
751262,-1
624860,-1
304287,-1
881799,-1
1033284,-1
207429,-1
171934,-1
1077683,-1
1121286,-1
801929,-1
529508,-1
97554,-1
1270591,-1
837861,-1
1336070,-1
1403541,-1
1018753,-1
1560611,-1
597712,-1
1595697,-1
959941,-1
1436243,-1
138523,-1
1740157,-1
1840305,-1
1840708,-1
732791,-1
278526,-1
1054605,-1
78638,-1
1303498,-1
2149925,-1
2183905,-1
311878,-1
1667348,-1
243566,-1
2396392,-1
2440511,-1
1079875,-1
1914980,-1
2207946,-1
1307765,-1
982453,-1
796629,-1
2288157,-1
675517,-1
474238,-1
382520,-1
719056,-1
171947,-1
1985120,-1
2241410,-1
78540,-1
3076086,-1
2161818,-1
80165,-1
2089111,-1
239666,-1
611142,-1
986673,-1
1944675,-1
2096116,-1
358039,-1
474578,-1
919293,-1
1301233,-1
3292461,-1
2383776,-1
3292493,-1
583597,-1
1288383,-1
1924579,-1
833733,-1
2941361,-1
165136,-1
2066946,-1
1030798,-1
672484,-1
904470,-1
615386,-1
78868,-1
2854766,-1
1277761,-1
2845664,-1
2251794,-1
1810992,-1
2367098,-1
1880658,-1
1098309,-1
3609452,-1
323700,-1
1174662,-1
2117214,-1
438184,-1
482530,-1
1527257,-1
1694141,-1
1193289,-1
886981,-1
1194841,-1
1718608,-1
3511143,-1
2961892,-1
1752817,-1
2285130,-1
23894,-1
3846358,-1
1207919,-1
561435,-1
841967,-1
1611432,-1
1469980,-1
3326636,-1
3867383,-1
942636,-1
1215415,-1
1743857,-1
1176765,-1
1557315,-1
207196,-1
2813649,-1
896574,-1
2506639,-1
190131,-1
668569,-1
3988593,-1
1436963,-1
1146016,-1
414516,-1
203194,-1
1973758,-1
3146469,-1
4899191,-1
473598,-1
1462252,-1
465892,-1
1269560,-1
2062893,-1
1512357,-1
1967635,-1
2279306,-1
560977,-1
2207847,-1
2558764,-1
1498863,-1
973876,-1
588896,-1
592424,-1
2752628,-1
351612,-1
709156,-1
931888,-1
575629,-1
777974,-1
2172393,-1
3393650,-1
1843742,-1
1326654,-1
3852351,-1
2011261,-1
294963,-1
1550792,-1
1066848,-1
1589515,-1
37505,-1
295018,-1
79717,-1
2909773,-1
871395,-1
312541,-1
3042846,-1
2613867,-1
3427828,-1
269365,-1
2734073,-1
765608,-1
3621130,-1
1270766,-1
526247,-1
1371858,-1
79635,-1
1947701,-1
3455586,-1
1128775,-1
1335481,-1
2291131,-1
1129219,-1
268852,-1
1493576,-1
4131810,-1
880849,-1
2479321,-1
302620,-1
1409131,-1
796735,-1
765472,-1
1164606,-1
2429474,-1
2134270,-1
2444585,-1
46980,-1
1985947,-1
826547,-1
79718,-1
3065760,-1
1823755,-1
3074026,-1
3738505,-1
2926090,-1
2453067,-1
3769424,-1
954023,-1
1302057,-1
2325348,-1
37423,-1
78538,-1
163544,-1
271111,-1
156895,-1
65740,-1
522445,-1
484416,-1
658409,-1
704243,-1
777646,-1
457248,-1
889731,-1
940060,-1
1146658,-1
403589,-1
366150,-1
357902,-1
1295601,-1
205561,-1
881604,-1
1184603,-1
104016,-1
389802,-1
1627831,-1
1634496,-1
1133873,-1
1220852,-1
528161,-1
493403,-1
865488,-1
1800129,-1
514441,-1
139913,-1
1876524,-1
893173,-1
216491,-1
2606,-1
1120217,-1
2026182,-1
1924643,-1
2245385,-1
754738,-1
1330478,-1
2541937,-1
2552038,-1
2072114,-1
2318282,-1
1633403,-1
500284,-1
921501,-1
774918,-1
1925644,-1
2930713,-1
212297,-1
265887,-1
857601,-1
909904,-1
421102,-1
3126202,-1
746038,-1
410766,-1
1844822,-1
321943,-1
323153,-1
1351358,-1
653775,-1
1557152,-1
925695,-1
1496851,-1
3477966,-1
2945244,-1
2150068,-1
2013958,-1
3151554,-1
3216222,-1
1251768,-1
1286606,-1
743109,-1
565610,-1
3385650,-1
411012,-1
3142406,-1
3814554,-1
3898667,-1
2681313,-1
1348677,-1
3990837,-1
1541222,-1
608223,-1
280227,-1
2069253,-1
4115531,-1
792541,-1
888224,-1
1367503,-1
3568548,-1
887539,-1
408486,-1
729662,-1
323752,-1
764163,-1
2172824,-1
3883262,-1
578881,-1
3807636,-1
247022,-1
13372,-1
1253838,-1
1791734,-1
3302083,-1
2317292,-1
60874,-1
414548,-1
354210,-1
1175462,-1
514589,-1
3051820,-1
2134500,-1
3071452,-1
1278858,-1
2150901,-1
309838,-1
859804,-1
830328,-1
819775,-1
138519,-1
526085,-1
2328973,-1
2181918,-1
707577,-1
1450076,-1
662964,-1
978981,-1
2800456,-1
2820204,-1
2985127,-1
1425104,-1
3002849,-1
1563598,-1
388949,-1
859167,-1
3733366,-1
2300548,-1
2670359,-1
3563480,-1
1105413,-1
1176209,-1
400157,-1
644439,-1
2577255,-1
212898,-1
274060,-1
78608,-1
1624791,-1
689047,-1
1960353,-1
325867,-1
2180513,-1
1555463,-1
325477,-1
3427922,-1
1167097,-1
1016365,-1
2520285,-1
1527255,-1
423898,-1
697026,-1
180536,-1
92640,-1
844061,-1
457615,-1
715040,-1
2168293,-1
1701735,-1
2042657,-1
2725141,-1
1737814,-1
1935605,-1
140384,-1
669305,-1
411158,-1
1794389,-1
3232468,-1
231822,-1
3180923,-1
3479800,-1
2889684,-1
26861,-1
2814007,-1
4158202,-1
195206,-1
635522,-1
989714,-1
2715840,-1
4251487,-1
1992761,-1
275849,-1
310000,-1
31552,-1
78554,-1
78566,-1
179951,-1
354199,-1
440983,-1
538608,-1
578243,-1
608267,-1
622705,-1
765904,-1
518527,-1
836525,-1
836528,-1
855663,-1
29928,-1
900261,-1
27538,-1
587540,-1
863970,-1
188017,-1
1197627,-1
173570,-1
1095303,-1
417687,-1
488412,-1
1442415,-1
1488658,-1
1488659,-1
703485,-1
314468,-1
1537057,-1
1088132,-1
1634002,-1
1114772,-1
804352,-1
274025,-1
1719788,-1
382188,-1
1784496,-1
1877464,-1
694045,-1
1833578,-1
703546,-1
562691,-1
2074742,-1
1508298,-1
805086,-1
929779,-1
83425,-1
1222129,-1
2234798,-1
2234801,-1
2135591,-1
251846,-1
272707,-1
264637,-1
2299353,-1
1589010,-1
218890,-1
115499,-1
690955,-1
2603020,-1
2603104,-1
2457321,-1
2676940,-1
341911,-1
666294,-1
2236338,-1
581981,-1
738183,-1
1615171,-1
2965890,-1
941508,-1
3006380,-1
1718814,-1
1390563,-1
2173338,-1
236508,-1
1120393,-1
419443,-1
2524678,-1
2390064,-1
325049,-1
2992845,-1
654170,-1
285881,-1
857680,-1
1248559,-1
873285,-1
142456,-1
1256871,-1
811933,-1
1573729,-1
1579764,-1
1416420,-1
2514371,-1
2512615,-1
679459,-1
4020949,-1
2803424,-1
482601,-1
1957207,-1
3893331,-1
2769928,-1
236052,-1
325863,-1
503957,-1
2924597,-1
1528227,-1
2115993,-1
304808,-1
2495957,-1
989009,-1
3424632,-1
1313653,-1
195632,-1
942424,-1
716993,-1
667864,-1
4529848,-1
789506,-1
229827,-1
1655789,-1
986727,-1
1097349,-1
1889559,-1
4048125,-1
2944715,-1
480151,-1
1433845,-1
2285214,-1
1110985,-1
4797307,-1
232309,-1
2194364,-1
1569901,-1
765483,-1
2005136,-1
2656372,-1
3756097,-1
19251,-1
3538108,-1
1167149,-1
794167,-1
1951888,-1
2679760,-1
199716,-1
2856901,-1
3695996,-1
3025486,-1
858516,-1
304720,-1
4425754,-1
1538497,-1
2210764,-1
452495,-1
555848,-1
2580009,-1
3788484,-1
1323913,-1
246757,-1
1109569,-1
3281260,-1
953453,-1
1796397,-1
3429734,-1
2881464,-1
1593140,-1
513727,-1
112130,-1
5067627,-1
33137,-1
1747252,-1
1180377,-1
2823862,-1
1258011,-1
5866009,-1
2282313,-1
108840,-1
1048770,-1
2524355,-1
2353965,-1
3003767,-1
588789,-1
562249,-1
410998,-1
138594,-1
1228550,-1
1124977,-1
177494,-1
1720553,-1
253814,-1
823333,-1
1218819,-1
636970,-1
62958,-1
782885,-1
2180583,-1
4049611,-1
269518,-1
746865,-1
1053628,-1
2167104,-1
81060,-1
398272,-1
389680,-1
3210480,-1
239461,-1
345015,-1
437181,-1
221193,-1
642178,-1
737557,-1
280402,-1
825786,-1
229173,-1
921232,-1
450307,-1
1005867,-1
1110647,-1
104022,-1
562698,-1
212854,-1
122956,-1
1172863,-1
1293987,-1
1301461,-1
940085,-1
1624404,-1
440536,-1
1351431,-1
1113566,-1
1630926,-1
2101519,-1
289349,-1
2171736,-1
2232376,-1
2292957,-1
1239893,-1
366770,-1
1433249,-1
2535620,-1
163111,-1
29929,-1
614543,-1
2172519,-1
141407,-1
1285735,-1
1557027,-1
511393,-1
130485,-1
1195294,-1
1593607,-1
289336,-1
2737094,-1
3000971,-1
264365,-1
2093659,-1
163977,-1
657339,-1
780831,-1
1898979,-1
2553441,-1
566250,-1
855947,-1
3292939,-1
1756051,-1
3333194,-1
1116160,-1
1578292,-1
1722234,-1
2217852,-1
387408,-1
247605,-1
2672616,-1
1322518,-1
1220111,-1
2711315,-1
2442340,-1
309826,-1
1085192,-1
1675593,-1
1924666,-1
2969904,-1
382226,-1
1229568,-1
2428347,-1
1239180,-1
3310759,-1
248736,-1
1133034,-1
498635,-1
1500894,-1
1484215,-1
1144569,-1
2734434,-1
803337,-1
2030546,-1
138544,-1
4212362,-1
3550842,-1
817471,-1
193177,-1
4429022,-1
2570077,-1
934498,-1
132713,-1
321094,-1
599894,-1
2110024,-1
3453949,-1
2574902,-1
1031977,-1
1510072,-1
2166311,-1
3777633,-1
612562,-1
1985946,-1
4799335,-1
365608,-1
1346589,-1
1623237,-1
964393,-1
1466090,-1
932618,-1
1215212,-1
304169,-1
1976774,-1
160876,-1
2173470,-1
1582220,-1
1942943,-1
72525,-1
464543,-1
2764866,-1
1272825,-1
4553816,-1
588563,-1
538616,-1
309815,-1
1197225,-1
2075638,-1
1457054,-1
208261,-1
944159,-1
1931963,-1
679890,-1
1373455,-1
1828546,-1
1009165,-1
3753370,-1
4054939,-1
419953,-1
3319429,-1
1636462,-1
243633,-1
2402221,-1
3265741,-1
1324016,-1
2165397,-1
528239,-1
3350925,-1
1113487,-1
2236007,-1
8840,-1
1394641,-1
2300329,-1
79383,-1
1959249,-1
2514675,-1
1982248,-1
388547,-1
1695445,-1
4301071,-1
1204915,-1
98976,-1
398397,-1
2396780,-1
4351018,-1
451723,-1
2414052,-1
236434,-1
289043,-1
312611,-1
96331,-1
386158,-1
536669,-1
354460,-1
682946,-1
588970,-1
802539,-1
813953,-1
887499,-1
92547,-1
930985,-1
565612,-1
78793,-1
1251993,-1
1158844,-1
437722,-1
1437444,-1
1373157,-1
1467987,-1
843426,-1
86732,-1
457398,-1
280120,-1
473593,-1
959244,-1
664122,-1
1780908,-1
829912,-1
1898526,-1
772764,-1
1950012,-1
1864858,-1
697742,-1
1991353,-1
365839,-1
1926444,-1
2021374,-1
1581988,-1
1985017,-1
498459,-1
331051,-1
308832,-1
1579350,-1
2293942,-1
1983892,-1
2365392,-1
2396760,-1
1506043,-1
1383156,-1
510927,-1
245899,-1
1097399,-1
605485,-1
936928,-1
917243,-1
3069505,-1
392205,-1
2742882,-1
2076285,-1
930583,-1
1239873,-1
3169204,-1
2179259,-1
521325,-1
1481672,-1
3099164,-1
1809781,-1
3042865,-1
1881520,-1
1794401,-1
361402,-1
1031598,-1
375239,-1
1898956,-1
3813538,-1
2446768,-1
3465971,-1
74803,-1
3893841,-1
3914216,-1
759377,-1
1486374,-1
2087392,-1
2418300,-1
138621,-1
3404260,-1
2205991,-1
348550,-1
624705,-1
659506,-1
2934834,-1
1661915,-1
2481475,-1
64340,-1
891758,-1
1921349,-1
719943,-1
1215131,-1
3410336,-1
1843519,-1
1414781,-1
2423001,-1
957976,-1
4662536,-1
3590092,-1
419498,-1
4799992,-1
573301,-1
996494,-1
78711,-1
468337,-1
1390625,-1
1124624,-1
2313427,-1
1434674,-1
526965,-1
554863,-1
197416,-1
408180,-1
477478,-1
3193578,-1
1365827,-1
583663,-1
78750,-1
2136003,-1
414643,-1
2040562,-1
2099745,-1
1942963,-1
2729383,-1
123026,-1
414517,-1
379725,-1
930903,-1
1034661,-1
2318289,-1
1207754,-1
2066505,-1
1206630,-1
4194097,-1
4194093,-1
1196520,-1
1134106,-1
1338321,-1
1801679,-1
3505120,-1
893308,-1
1186570,-1
898264,-1
2066573,-1
1913958,-1
2516289,-1
829369,-1
4743401,-1
140568,-1
249640,-1
3123990,-1
58202,-1
3738822,-1
341751,-1
408002,-1
1068662,-1
442866,-1
1818910,-1
2152591,-1
1792430,-1
1060245,-1
1301490,-1
2011233,-1
570515,-1
2763674,-1
3631664,-1
1954121,-1
500329,-1
2323274,-1
2075060,-1
2909786,-1
2130130,-1
587384,-1
843498,-1
754798,-1
37602,-1
243365,-1
82121,-1
548833,-1
446065,-1
471299,-1
578715,-1
1020198,-1
1112841,-1
1128959,-1
375132,-1
1285731,-1
537625,-1
802543,-1
153092,-1
180085,-1
1409133,-1
69569,-1
163882,-1
375342,-1
621663,-1
354270,-1
1803011,-1
1839170,-1
1979637,-1
353521,-1
2034317,-1
2172552,-1
151625,-1
121092,-1
2326267,-1
1507556,-1
2368507,-1
313930,-1
716791,-1
2441170,-1
2365148,-1
2075371,-1
1550806,-1
2710927,-1
2078924,-1
1618710,-1
1048592,-1
2041820,-1
429197,-1
1917082,-1
1467042,-1
2552110,-1
2416834,-1
1670136,-1
2101667,-1
1987280,-1
2173151,-1
100111,-1
612561,-1
793579,-1
1688625,-1
502496,-1
3598509,-1
631129,-1
3678643,-1
1106942,-1
369176,-1
1285760,-1
291669,-1
343306,-1
3457604,-1
702266,-1
276377,-1
3842042,-1
151576,-1
137333,-1
1647120,-1
3232806,-1
78696,-1
784699,-1
1135653,-1
2412683,-1
174377,-1
1860694,-1
180222,-1
624737,-1
2276355,-1
2882970,-1
1662713,-1
1537697,-1
2371157,-1
1700849,-1
4050328,-1
3281886,-1
3643866,-1
205563,-1
2965974,-1
3396110,-1
138504,-1
1008688,-1
828482,-1
1169600,-1
1911470,-1
289383,-1
1633800,-1
837801,-1
937955,-1
903342,-1
2120332,-1
853604,-1
1848819,-1
858110,-1
97089,-1
2405994,-1
275882,-1
2136715,-1
3311040,-1
2464636,-1
188061,-1
4650392,-1
2637952,-1
80504,-1
638458,-1
869405,-1
2809207,-1
3033112,-1
1053826,-1
676854,-1
1737897,-1
751819,-1
449209,-1
653603,-1
3443613,-1
223043,-1
458879,-1
2366694,-1
4393626,-1
1052106,-1
377753,-1
867413,-1
79542,-1
1840112,-1
3046843,-1
1801846,-1
506381,-1
1758431,-1
855737,-1
164712,-1
588450,-1
1947203,-1
2191317,-1
297486,-1
1345558,-1
117520,-1
208805,-1
309823,-1
151554,-1
536841,-1
108632,-1
799999,-1
344854,-1
104766,-1
379712,-1
790812,-1
601288,-1
29311,-1
689924,-1
87586,-1
1170536,-1
394551,-1
1181477,-1
1271180,-1
1153740,-1
1295607,-1
259163,-1
1398011,-1
608822,-1
1489614,-1
347855,-1
348902,-1
1871581,-1
253909,-1
60520,-1
1947827,-1
106714,-1
615824,-1
1086196,-1
1574989,-1
2051072,-1
1458055,-1
1662910,-1
378034,-1
651607,-1
354554,-1
79745,-1
2651606,-1
261663,-1
2060201,-1
537660,-1
442274,-1
409013,-1
183471,-1
963495,-1
327977,-1
455066,-1
2121501,-1
2506336,-1
2847295,-1
937646,-1
80285,-1
2721247,-1
80597,-1
2059211,-1
2038588,-1
3437095,-1
2758291,-1
39828,-1
767360,-1
2559492,-1
3601020,-1
3006424,-1
3316057,-1
649311,-1
423672,-1
2086124,-1
3766298,-1
221754,-1
666391,-1
451296,-1
1352028,-1
90856,-1
379661,-1
1785193,-1
1157845,-1
1574917,-1
560304,-1
1419581,-1
290941,-1
2996377,-1
911645,-1
1377060,-1
2354818,-1
104685,-1
740427,-1
416539,-1
634746,-1
1540054,-1
2334436,-1
2785284,-1
3018470,-1
233449,-1
1245161,-1
1582216,-1
830333,-1
1181295,-1
313914,-1
1724185,-1
290978,-1
1188113,-1
1562107,-1
1325919,-1
718625,-1
2526545,-1
2614587,-1
1718807,-1
1168990,-1
1134285,-1
151934,-1
347541,-1
906085,-1
66726,-1
903436,-1
2032602,-1
413529,-1
1267551,-1
1901634,-1
486123,-1
1409063,-1
5094078,-1
772652,-1
953372,-1
557547,-1
290759,-1
2233386,-1
2443139,-1
2848903,-1
3450852,-1
3160978,-1
2817886,-1
1085149,-1
3455545,-1
665277,-1
450932,-1
2478925,-1
1016645,-1
468091,-1
692364,-1
74713,-1
2814115,-1
2664780,-1
3801208,-1
1770370,-1
1116028,-1
1926373,-1
1926384,-1
2382225,-1
696368,-1
1502781,-1
409167,-1
4083391,-1
1546563,-1
1209668,-1
1173330,-1
923068,-1
2467689,-1
2036759,-1
2177676,-1
500814,-1
578939,-1
78734,-1
222028,-1
527822,-1
728834,-1
776333,-1
405604,-1
825160,-1
752329,-1
470466,-1
79354,-1
1075607,-1
78796,-1
1115853,-1
1146716,-1
209430,-1
522186,-1
382149,-1
1011080,-1
609162,-1
583376,-1
447498,-1
1490295,-1
1502547,-1
1509623,-1
16468,-1
92521,-1
1723138,-1
1736461,-1
956705,-1
1815970,-1
271215,-1
360509,-1
622174,-1
1716857,-1
1090915,-1
322937,-1
289528,-1
2284214,-1
1312422,-1
1160887,-1
1042782,-1
535105,-1
502976,-1
1482404,-1
1825746,-1
400234,-1
11941,-1
1109373,-1
2364927,-1
2761609,-1
597834,-1
986537,-1
2880965,-1
2916578,-1
2926680,-1
631290,-1
535547,-1
3062591,-1
2480075,-1
82136,-1
1950964,-1
2369985,-1
3148786,-1
478207,-1
3182628,-1
148552,-1
654436,-1
1984986,-1
3335486,-1
388271,-1
482636,-1
2036249,-1
675358,-1
125241,-1
2549919,-1
2077462,-1
1178003,-1
806116,-1
237562,-1
726847,-1
571413,-1
589634,-1
1309755,-1
414558,-1
3718547,-1
2080673,-1
163750,-1
1487975,-1
2613699,-1
874144,-1
2934868,-1
2948097,-1
109028,-1
830536,-1
3871115,-1
1453677,-1
861099,-1
1764395,-1
758385,-1
4479611,-1
57678,-1
612484,-1
1538538,-1
1703398,-1
1393109,-1
3869851,-1
245736,-1
2915871,-1
903832,-1
491094,-1
1270273,-1
3680059,-1
4931219,-1
992416,-1
514358,-1
632090,-1
2845792,-1
3287215,-1
78755,-1
365253,-1
1071827,-1
1943687,-1
3564179,-1
2550131,-1
484215,-1
1685544,-1
4455043,-1
151948,-1
532927,-1
1024772,-1
4085523,-1
515409,-1
2658714,-1
679863,-1
135894,-1
223202,-1
1649925,-1
2570124,-1
4651369,-1
2355828,-1
1066769,-1
974531,-1
1698566,-1
492341,-1
1713882,-1
612845,-1
278650,-1
2299574,-1
360442,-1
657319,-1
299213,-1
4541007,-1
354044,-1
3264891,-1
3443617,-1
204627,-1
209433,-1
924504,-1
1407090,-1
601284,-1
374945,-1
3460490,-1
533451,-1
2080491,-1
1620883,-1
78984,-1
1926334,-1
1193820,-1
759396,-1
370083,-1
956847,-1
1795181,-1
1250430,-1
601315,-1
138218,-1
411442,-1
484062,-1
274037,-1
256478,-1
549330,-1
608425,-1
677362,-1
469670,-1
903520,-1
969328,-1
79114,-1
898057,-1
236348,-1
97625,-1
82209,-1
302983,-1
1355174,-1
640588,-1
964850,-1
346921,-1
692410,-1
303080,-1
187695,-1
253386,-1
1951852,-1
1889994,-1
60856,-1
805781,-1
136628,-1
1088857,-1
422668,-1
1993097,-1
2385389,-1
412719,-1
136625,-1
136627,-1
136626,-1
841701,-1
2253126,-1
1508919,-1
1851646,-1
514350,-1
2996757,-1
1178638,-1
188160,-1
79721,-1
956813,-1
3043468,-1
173258,-1
1523363,-1
871922,-1
1388782,-1
588389,-1
2455021,-1
1506560,-1
3429597,-1
79173,-1
37863,-1
1323833,-1
1474467,-1
2210127,-1
1493061,-1
409172,-1
2199343,-1
496502,-1
1984152,-1
2678254,-1
2306114,-1
414534,-1
414567,-1
80263,-1
692735,-1
2319294,-1
382162,-1
1010166,-1
2632923,-1
70110,-1
2478950,-1
2764571,-1
341993,-1
544805,-1
2276074,-1
1939378,-1
2412081,-1
1379763,-1
3352177,-1
625261,-1
1328881,-1
1882602,-1
2550034,-1
932840,-1
2326584,-1
791941,-1
1190348,-1
2666709,-1
683031,-1
216576,-1
375591,-1
3204783,-1
2563119,-1
2564476,-1
3609218,-1
62264,-1
692393,-1
873476,-1
417258,-1
78805,-1
2077460,-1
523319,-1
624648,-1
3168324,-1
1060203,-1
1815307,-1
3642994,-1
5295906,-1
489646,-1
2087552,-1
1314385,-1
653561,-1
3465426,-1
2029208,-1
2328481,-1
834502,-1
790903,-1
1438481,-1
247140,-1
170606,-1
1363432,-1
1197751,-1
608716,-1
3264892,-1
2093197,-1
2214195,-1
239627,-1
322881,-1
347652,-1
1980264,-1
1624604,-1
2288664,-1
1741660,-1
5658490,-1
4488195,-1
2811229,-1
4199131,-1
4294365,-1
79672,-1
2615630,-1
78790,-1
136632,-1
338964,-1
339000,-1
442388,-1
470193,-1
154048,-1
139215,-1
78820,-1
834709,-1
586963,-1
236736,-1
353522,-1
987769,-1
534858,-1
783191,-1
461659,-1
276156,-1
1204739,-1
807552,-1
1048174,-1
1572435,-1
1285747,-1
1749815,-1
1808649,-1
368185,-1
1904801,-1
1924725,-1
1745811,-1
449632,-1
1978854,-1
2101531,-1
1642206,-1
2112566,-1
1152968,-1
209641,-1
683047,-1
553069,-1
676347,-1
996413,-1
1060674,-1
1433305,-1
728174,-1
375230,-1
1126141,-1
2357386,-1
195629,-1
378704,-1
2604976,-1
323771,-1
2631872,-1
8804,-1
361662,-1
2651730,-1
2050229,-1
684186,-1
2726095,-1
2646863,-1
629370,-1
92643,-1
159956,-1
1794653,-1
278651,-1
35630,-1
1825031,-1
1082163,-1
2584158,-1
2966544,-1
133295,-1
830310,-1
628777,-1
450292,-1
1268549,-1
2413870,-1
2919378,-1
1983794,-1
2761952,-1
782572,-1
694586,-1
1455185,-1
1514862,-1
472795,-1
313787,-1
126648,-1
952684,-1
364787,-1
923565,-1
830308,-1
356053,-1
858520,-1
363547,-1
2290363,-1
132483,-1
2096113,-1
1992177,-1
2092591,-1
357907,-1
79779,-1
2443966,-1
903925,-1
1458712,-1
1588874,-1
922757,-1
582248,-1
1256815,-1
1120116,-1
595139,-1
363585,-1
79012,-1
1880155,-1
4233930,-1
80135,-1
1729038,-1
156173,-1
2199262,-1
796632,-1
2980445,-1
1550102,-1
3477577,-1
1079451,-1
1761255,-1
485673,-1
2616096,-1
792853,-1
2442384,-1
3201199,-1
1561809,-1
204875,-1
4074746,-1
594741,-1
79097,-1
2756146,-1
1169891,-1
1432552,-1
2829252,-1
595124,-1
1122509,-1
776525,-1
1285590,-1
103468,-1
573262,-1
1301256,-1
284757,-1
1082071,-1
4202321,-1
1009632,-1
1359796,-1
3560776,-1
890652,-1
1765381,-1
628150,-1
773352,-1
765644,-1
2517432,-1
3101753,-1
2695351,-1
4385854,-1
700354,-1
3678642,-1
2251703,-1
728597,-1
3194910,-1
558861,-1
712230,-1
657307,-1
361095,-1
927949,-1
1218376,-1
156499,-1
133980,-1
247316,-1
366320,-1
235211,-1
485674,-1
608500,-1
665885,-1
159672,-1
891819,-1
895624,-1
382088,-1
894316,-1
121163,-1
517629,-1
1099503,-1
845192,-1
1137280,-1
1200463,-1
1246317,-1
1321493,-1
371447,-1
309945,-1
568032,-1
1486566,-1
33293,-1
495915,-1
274059,-1
274061,-1
871684,-1
23276,-1
1528095,-1
2358,-1
1666807,-1
1905231,-1
1963678,-1
236285,-1
1525376,-1
1364029,-1
773274,-1
17505,-1
1470644,-1
152098,-1
2382189,-1
1948240,-1
1184077,-1
264647,-1
915839,-1
1418577,-1
700770,-1
258061,-1
271331,-1
2805889,-1
2912406,-1
1669952,-1
865893,-1
138535,-1
2050728,-1
590750,-1
2205114,-1
674814,-1
78930,-1
909462,-1
78850,-1
2897186,-1
2155252,-1
1378618,-1
1892288,-1
354411,-1
122855,-1
1338633,-1
2615614,-1
357103,-1
862611,-1
2113964,-1
207637,-1
683199,-1
642395,-1
1266649,-1
713300,-1
221333,-1
63142,-1
2311956,-1
161474,-1
218987,-1
821705,-1
742965,-1
2571081,-1
2283441,-1
2484722,-1
2837748,-1
233489,-1
2112739,-1
2112744,-1
2677073,-1
666684,-1
92604,-1
3268499,-1
2742153,-1
309188,-1
167061,-1
450298,-1
329459,-1
3588697,-1
1883996,-1
65825,-1
3302003,-1
1480013,-1
2765412,-1
452143,-1
124983,-1
1576714,-1
1918060,-1
2142712,-1
329522,-1
1704039,-1
4876048,-1
3407926,-1
253334,-1
1424295,-1
739503,-1
1025003,-1
588463,-1
1914548,-1
367545,-1
2168660,-1
1742706,-1
1252512,-1
312785,-1
1794673,-1
123062,-1
2061529,-1
1900137,-1
3322596,-1
549627,-1
1345482,-1
79595,-1
1500941,-1
4462960,-1
3020107,-1
284097,-1
567490,-1
1078313,-1
870158,-1
294770,-1
382098,-1
441935,-1
482641,-1
251888,-1
841271,-1
882080,-1
297161,-1
553664,-1
271336,-1
1113973,-1
903246,-1
98514,-1
1266612,-1
898791,-1
1371935,-1
1402122,-1
1488758,-1
647318,-1
1320919,-1
1499734,-1
111146,-1
1522720,-1
280238,-1
421928,-1
855156,-1
540394,-1
1704303,-1
890695,-1
1334212,-1
1850375,-1
655112,-1
2180375,-1
372490,-1
509963,-1
1087580,-1
1405288,-1
58228,-1
2679186,-1
1200052,-1
2813953,-1
404604,-1
2908113,-1
819546,-1
899857,-1
2940396,-1
1939808,-1
2226498,-1
268736,-1
1898981,-1
3027706,-1
2165125,-1
2434631,-1
1285542,-1
1625340,-1
2960482,-1
256413,-1
1743062,-1
608973,-1
2717584,-1
3644173,-1
520460,-1
60747,-1
2091304,-1
920368,-1
941551,-1
3188562,-1
350870,-1
80388,-1
2444,-1
3138013,-1
78914,-1
304273,-1
285754,-1
122781,-1
3619981,-1
3650977,-1
1039403,-1
1635568,-1
1802658,-1
29350,-1
1120129,-1
1888126,-1
2348884,-1
4512672,-1
1842417,-1
1796557,-1
2939475,-1
5321747,-1
1360779,-1
79228,-1
1608841,-1
936392,-1
4511343,-1
326311,-1
814116,-1
873499,-1
516600,-1
2078049,-1
728609,-1
3040238,-1
166419,-1
79700,-1
724015,-1
247554,-1
528224,-1
4910465,-1
822094,-1
67672,-1
1394619,-1
1053625,-1
370503,-1
64945,-1
1402266,-1
1030529,-1
1457458,-1
2610593,-1
1826683,-1
2298252,-1
361645,-1
326713,-1
79698,-1
79083,-1
106737,-1
1123669,-1
933841,-1
2312643,-1
2098087,-1
405620,-1
1269244,-1
52447,-1
181342,-1
190656,-1
125679,-1
361344,-1
382113,-1
292264,-1
174158,-1
382120,-1
690080,-1
272395,-1
815666,-1
819061,-1
159678,-1
877595,-1
1140494,-1
441559,-1
1165642,-1
1247072,-1
1266670,-1
802953,-1
367252,-1
947029,-1
384004,-1
654612,-1
81111,-1
125678,-1
79069,-1
847840,-1
1916374,-1
1849859,-1
615339,-1
243587,-1
278561,-1
2155299,-1
440651,-1
460474,-1
140369,-1
1966109,-1
745780,-1
852081,-1
1862656,-1
2606112,-1
2090734,-1
929134,-1
633848,-1
1257484,-1
593524,-1
237700,-1
79817,-1
3136956,-1
3295777,-1
1320752,-1
777709,-1
1295350,-1
1685540,-1
877866,-1
34756,-1
842647,-1
2887838,-1
1394526,-1
1140389,-1
3641430,-1
340400,-1
370548,-1
1366697,-1
885943,-1
892982,-1
1120428,-1
4093993,-1
1860698,-1
457371,-1
2334402,-1
1794915,-1
79468,-1
2855976,-1
2941456,-1
537736,-1
1491882,-1
1596105,-1
611178,-1
125671,-1
1582740,-1
2198194,-1
111260,-1
598742,-1
1733398,-1
1204266,-1
3570830,-1
2058716,-1
3506531,-1
677396,-1
2966496,-1
407659,-1
679921,-1
1390119,-1
239709,-1
60406,-1
1797556,-1
1105245,-1
1359266,-1
1175471,-1
264644,-1
264634,-1
312794,-1
978682,-1
2283793,-1
688680,-1
87463,-1
679889,-1
1780935,-1
5556643,-1
448294,-1
804234,-1
926491,-1
1185334,-1
3168717,-1
592770,-1
61291,-1
1458321,-1
246230,-1
2906215,-1
2340287,-1
4078361,-1
1898835,-1
164818,-1
1823860,-1
3029486,-1
79935,-1
967925,-1
2281263,-1
729129,-1
419599,-1
1711687,-1
1525483,-1
162278,-1
482689,-1
538637,-1
573277,-1
649147,-1
220223,-1
326353,-1
374999,-1
781235,-1
457247,-1
891900,-1
142399,-1
278513,-1
959178,-1
1100014,-1
1595723,-1
654940,-1
1454699,-1
1663181,-1
525619,-1
571010,-1
1750984,-1
1751399,-1
217008,-1
1862450,-1
78956,-1
322878,-1
169166,-1
2076034,-1
1465661,-1
1595509,-1
269664,-1
728228,-1
557776,-1
1292435,-1
2221727,-1
298443,-1
575538,-1
2552945,-1
62850,-1
1670134,-1
588032,-1
141717,-1
956709,-1
1892182,-1
3286947,-1
3287082,-1
3337050,-1
3302305,-1
417648,-1
887554,-1
2213179,-1
735390,-1
507633,-1
465567,-1
299203,-1
1737870,-1
344716,-1
1670110,-1
2130596,-1
486397,-1
3760741,-1
828390,-1
326750,-1
632106,-1
1395362,-1
2637535,-1
79109,-1
1420155,-1
2480813,-1
1097394,-1
1307773,-1
1312035,-1
2180636,-1
419439,-1
1209463,-1
132239,-1
1547333,-1
2824023,-1
61041,-1
1002983,-1
100370,-1
708728,-1
155305,-1
1662301,-1
150435,-1
121431,-1
1191862,-1
631662,-1
578730,-1
57361,-1
610252,-1
832713,-1
1983201,-1
935016,-1
3436687,-1
1128978,-1
1505718,-1
438212,-1
2231236,-1
79274,-1
79040,-1
1917531,-1
741721,-1
89910,-1
1986800,-1
754751,-1
656443,-1
1850832,-1
361622,-1
867488,-1
1245599,-1
2690068,-1
4413922,-1
419999,-1
1719800,-1
3833649,-1
1962124,-1
583933,-1
1377203,-1
2175936,-1
344609,-1
187115,-1
2530455,-1
324541,-1
413228,-1
2416402,-1
225283,-1
304161,-1
922765,-1
738092,-1
1633568,-1
78945,-1
41209,-1
296615,-1
330904,-1
608578,-1
612852,-1
71118,-1
288527,-1
79416,-1
467248,-1
943218,-1
188050,-1
160511,-1
35605,-1
1137197,-1
158661,-1
1032097,-1
219419,-1
377264,-1
1454232,-1
544776,-1
545121,-1
1631545,-1
271932,-1
382840,-1
1200563,-1
472835,-1
79080,-1
266879,-1
243522,-1
317138,-1
495123,-1
17276,-1
738362,-1
138357,-1
2098713,-1
1621645,-1
2566847,-1
736489,-1
1274599,-1
2290626,-1
26899,-1
738446,-1
294092,-1
322827,-1
2793200,-1
291806,-1
2038220,-1
684758,-1
1117182,-1
2069048,-1
166571,-1
3162637,-1
1139597,-1
802003,-1
395274,-1
137389,-1
271674,-1
3261037,-1
1219565,-1
1502619,-1
841852,-1
122943,-1
1343881,-1
392296,-1
735384,-1
705454,-1
677183,-1
2531000,-1
794370,-1
151973,-1
192278,-1
2615455,-1
1182345,-1
4019051,-1
2483696,-1
1857127,-1
1491807,-1
746430,-1
2418573,-1
2238463,-1
887053,-1
752752,-1
2818070,-1
1273628,-1
452140,-1
855772,-1
481626,-1
229992,-1
2549922,-1
797799,-1
1340035,-1
709371,-1
3261349,-1
505888,-1
1801864,-1
1541444,-1
1801852,-1
183120,-1
668125,-1
2557016,-1
23635,-1
672173,-1
1936465,-1
1482244,-1
2209863,-1
1077368,-1
493024,-1
2263953,-1
2642929,-1
392025,-1
852505,-1
340851,-1
2339781,-1
1945042,-1
947902,-1
766671,-1
26526,-1
344737,-1
1414221,-1
259110,-1
1718931,-1
3736674,-1
1019336,-1
4461119,-1
2549171,-1
51531,-1
3733295,-1
378048,-1
3170509,-1
963887,-1
600198,-1
1191305,-1
783268,-1
669049,-1
841776,-1
826583,-1
297163,-1
138581,-1
78972,-1
87602,-1
382177,-1
296353,-1
562239,-1
99036,-1
626860,-1
654343,-1
1012226,-1
349280,-1
23638,-1
79262,-1
388920,-1
1431784,-1
122902,-1
865025,-1
1847002,-1
608969,-1
692327,-1
562242,-1
413294,-1
1475034,-1
1886747,-1
223394,-1
712430,-1
370573,-1
392621,-1
577327,-1
1105009,-1
916074,-1
266277,-1
3045343,-1
3098693,-1
2030365,-1
1029366,-1
364692,-1
1870984,-1
929797,-1
614385,-1
2640890,-1
2893008,-1
258818,-1
2656699,-1
1696372,-1
1803593,-1
223173,-1
1197215,-1
644850,-1
943517,-1
805058,-1
1612786,-1
383885,-1
217810,-1
1737861,-1
507613,-1
2536397,-1
1951909,-1
1376733,-1
110022,-1
923223,-1
106709,-1
118636,-1
278594,-1
696314,-1
3121054,-1
1398800,-1
447836,-1
2938151,-1
697777,-1
54076,-1
3059821,-1
932839,-1
1899272,-1
3038640,-1
138413,-1
2989899,-1
2700008,-1
296416,-1
197366,-1
589130,-1
3868432,-1
280152,-1
2155748,-1
1509726,-1
302243,-1
2426078,-1
3165858,-1
1916451,-1
79041,-1
677237,-1
3700534,-1
4075172,-1
364103,-1
325865,-1
1069077,-1
117548,-1
339642,-1
1921103,-1
104334,-1
3301974,-1
1506371,-1
1580421,-1
573430,-1
1351445,-1
912037,-1
79137,-1
3934923,-1
79167,-1
2179210,-1
1754721,-1
332909,-1
1876774,-1
1918825,-1
4486746,-1
365360,-1
23865,-1
89026,-1
205742,-1
252943,-1
608607,-1
196188,-1
11603,-1
507358,-1
304293,-1
305374,-1
217805,-1
1364307,-1
389116,-1
1482533,-1
292043,-1
915023,-1
884546,-1
679887,-1
636797,-1
392187,-1
911462,-1
557032,-1
611063,-1
1310994,-1
303043,-1
1019333,-1
1719781,-1
1067390,-1
2902453,-1
182918,-1
1568563,-1
80546,-1
778600,-1
143725,-1
693466,-1
229170,-1
1922147,-1
3455333,-1
837663,-1
2529953,-1
679915,-1
1802125,-1
2509545,-1
166654,-1
3809809,-1
453910,-1
1499120,-1
79042,-1
243653,-1
2618510,-1
79065,-1
523509,-1
2312692,-1
486129,-1
166908,-1
1860966,-1
3954782,-1
2971080,-1
559388,-1
1951904,-1
1313808,-1
1612416,-1
79366,-1
1976267,-1
524022,-1
1287880,-1
3695028,-1
958319,-1
2107013,-1
875641,-1
2745639,-1
773275,-1
142480,-1
548840,-1
884212,-1
1207057,-1
221453,-1
8791,-1
442814,-1
636383,-1
135668,-1
2080393,-1
1842679,-1
2980177,-1
3541140,-1
1225635,-1
3802193,-1
159733,-1
911627,-1
2796233,-1
354518,-1
574673,-1
2064681,-1
187800,-1
3277413,-1
1737458,-1
361073,-1
759495,-1
1178123,-1
759539,-1
4131337,-1
652556,-1
942106,-1
3295045,-1
455062,-1
1964773,-1
169311,-1
737165,-1
780620,-1
339527,-1
369157,-1
239313,-1
79834,-1
1018684,-1
346510,-1
1267058,-1
1288412,-1
1364121,-1
294950,-1
1123763,-1
657214,-1
1556951,-1
1120928,-1
1485448,-1
1650881,-1
992272,-1
481698,-1
634965,-1
1862252,-1
1908972,-1
378999,-1
480368,-1
297816,-1
1925119,-1
510702,-1
816437,-1
958138,-1
1123764,-1
347823,-1
2475175,-1
593365,-1
33675,-1
1401306,-1
190680,-1
2704368,-1
796716,-1
166471,-1
375269,-1
1561554,-1
187720,-1
1179583,-1
419642,-1
1125873,-1
1790277,-1
253899,-1
363719,-1
249773,-1
2361326,-1
2889075,-1
251370,-1
1692384,-1
863194,-1
1580963,-1
294101,-1
1001002,-1
410303,-1
365283,-1
3640813,-1
122963,-1
3145814,-1
697754,-1
3421166,-1
523400,-1
2093589,-1
502141,-1
280108,-1
903261,-1
347108,-1
4018675,-1
1237212,-1
480228,-1
1670124,-1
1589038,-1
135171,-1
997003,-1
619534,-1
765579,-1
567307,-1
3785251,-1
3005167,-1
3300260,-1
1100086,-1
1072285,-1
1804202,-1
3132614,-1
1257566,-1
1462239,-1
3584772,-1
901133,-1
778887,-1
3060007,-1
1596115,-1
86550,-1
676137,-1
326302,-1
60939,-1
1714815,-1
160466,-1
2082051,-1
250660,-1
546970,-1
2133868,-1
2378986,-1
570411,-1
1588362,-1
116481,-1
3024886,-1
1823832,-1
1009714,-1
102361,-1
1284335,-1
2245645,-1
370496,-1
1664125,-1
4455964,-1
79098,-1
418413,-1
357081,-1
490835,-1
248967,-1
509980,-1
256389,-1
668339,-1
684272,-1
173694,-1
696818,-1
172368,-1
738507,-1
50081,-1
109738,-1
394528,-1
519308,-1
1059237,-1
942199,-1
1097207,-1
1113717,-1
149536,-1
1253290,-1
103406,-1
1375708,-1
54005,-1
207577,-1
711553,-1
1703863,-1
1257588,-1
303767,-1
195751,-1
325856,-1
634925,-1
60446,-1
1906834,-1
79344,-1
442395,-1
1199466,-1
20021,-1
313768,-1
1019791,-1
2667208,-1
138678,-1
100658,-1
1709838,-1
39607,-1
1471496,-1
719936,-1
3150904,-1
1630951,-1
69259,-1
100584,-1
79287,-1
67723,-1
1024720,-1
1589023,-1
813164,-1
806781,-1
657731,-1
2246012,-1
1211724,-1
79229,-1
1389899,-1
719569,-1
3149236,-1
223247,-1
2918675,-1
1272750,-1
655556,-1
1020187,-1
2640352,-1
412953,-1
3276404,-1
1011022,-1
11863,-1
261703,-1
186065,-1
930279,-1
23806,-1
2078131,-1
1899134,-1
293154,-1
310019,-1
1181680,-1
186083,-1
1075993,-1
772713,-1
1907025,-1
133382,-1
1490618,-1
873483,-1
379793,-1
3042921,-1
2068850,-1
2434015,-1
3763295,-1
1075065,-1
2693205,-1
923411,-1
928302,-1
3044722,-1
68309,-1
79152,-1
212861,-1
243520,-1
567295,-1
195746,-1
796710,-1
695941,-1
951253,-1
999758,-1
657716,-1
802214,-1
1335472,-1
332784,-1
1490726,-1
753260,-1
1733303,-1
249670,-1
598794,-1
1086193,-1
1114828,-1
828700,-1
178887,-1
1073358,-1
2008692,-1
546968,-1
2224002,-1
354419,-1
2240061,-1
1279472,-1
79190,-1
1965410,-1
925259,-1
650854,-1
2392595,-1
2523170,-1
470084,-1
2551722,-1
1984381,-1
2462303,-1
423617,-1
2708213,-1
145200,-1
1165009,-1
1518942,-1
979102,-1
256982,-1
2012856,-1
3025854,-1
80171,-1
991017,-1
699599,-1
996373,-1
558859,-1
169992,-1
321988,-1
135202,-1
6825,-1
2510774,-1
1293459,-1
781602,-1
307625,-1
61054,-1
1395066,-1
278628,-1
152116,-1
3801692,-1
2902902,-1
4027020,-1
79568,-1
490898,-1
2700009,-1
181563,-1
1910936,-1
1501127,-1
1415549,-1
565737,-1
1234337,-1
1772041,-1
2758281,-1
295116,-1
1326611,-1
955193,-1
3149188,-1
378060,-1
2128401,-1
2220737,-1
142436,-1
2677196,-1
1560930,-1
1268315,-1
382586,-1
60496,-1
292416,-1
950665,-1
376527,-1
2188368,-1
587014,-1
1012573,-1
1086062,-1
1001968,-1
735821,-1
4703686,-1
1915850,-1
1189730,-1
1782177,-1
2121144,-1
419864,-1
870198,-1
484098,-1
2782473,-1
238200,-1
836874,-1
525482,-1
79822,-1
1825441,-1
509864,-1
596457,-1
1086182,-1
3064698,-1
2254922,-1
2491366,-1
117565,-1
544651,-1
1584384,-1
971415,-1
1378624,-1
45816,-1
505375,-1
64846,-1
175359,-1
190721,-1
759390,-1
726539,-1
248929,-1
43483,-1
333947,-1
229408,-1
465862,-1
489141,-1
162284,-1
834397,-1
862600,-1
418399,-1
274068,-1
274069,-1
191379,-1
159942,-1
1360686,-1
696302,-1
525011,-1
634854,-1
835718,-1
79463,-1
130550,-1
985309,-1
229283,-1
853348,-1
706998,-1
489585,-1
2224802,-1
1952059,-1
707798,-1
205560,-1
1066534,-1
154569,-1
257074,-1
328345,-1
271284,-1
2676257,-1
2834085,-1
680276,-1
2982786,-1
1068417,-1
370527,-1
2173701,-1
258815,-1
576657,-1
321829,-1
2168362,-1
22365,-1
1709762,-1
607266,-1
373722,-1
2727776,-1
1060550,-1
130114,-1
2084069,-1
804398,-1
300367,-1
1738010,-1
4314188,-1
518362,-1
2649478,-1
3502029,-1
2848855,-1
2146043,-1
23435,-1
416679,-1
295016,-1
687879,-1
2813982,-1
1184256,-1
1292057,-1
308857,-1
29677,-1
349720,-1
588232,-1
649548,-1
2667858,-1
784192,-1
2717533,-1
392170,-1
413350,-1
207667,-1
245905,-1
842840,-1
419554,-1
2253398,-1
307687,-1
637632,-1
3414337,-1
211673,-1
741487,-1
1553064,-1
2192790,-1
1493782,-1
146103,-1
1476046,-1
1522814,-1
697677,-1
1954506,-1
3149224,-1
625812,-1
2735319,-1
79415,-1
442114,-1
147951,-1
1858031,-1
3751263,-1
735618,-1
79232,-1
113658,-1
308866,-1
372085,-1
414701,-1
296272,-1
628299,-1
670917,-1
213417,-1
1276355,-1
154783,-1
717216,-1
720755,-1
233467,-1
1580162,-1
503146,-1
518491,-1
852122,-1
1139388,-1
79715,-1
472264,-1
2133816,-1
79699,-1
228475,-1
51815,-1
1121334,-1
509348,-1
1299868,-1
2945211,-1
588356,-1
394569,-1
1929042,-1
3045754,-1
1892411,-1
2147132,-1
1892414,-1
907126,-1
486354,-1
1367945,-1
844293,-1
57711,-1
2949061,-1
1166659,-1
152194,-1
1532895,-1
2058686,-1
761622,-1
1498733,-1
1657421,-1
34454,-1
587731,-1
835781,-1
3554033,-1
588119,-1
588002,-1
782932,-1
2903812,-1
2294251,-1
2638902,-1
2174138,-1
4089782,-1
4455434,-1
1462761,-1
1551954,-1
133317,-1
3075736,-1
299511,-1
1815301,-1
786056,-1
549678,-1
163779,-1
823088,-1
485728,-1
940397,-1
148726,-1
2145944,-1
418391,-1
1011017,-1
538732,-1
1035443,-1
2558665,-1
4096526,-1
186629,-1
496484,-1
898798,-1
359169,-1
2552405,-1
23567,-1
3085327,-1
546210,-1
204501,-1
627676,-1
1245597,-1
900346,-1
402695,-1
1779675,-1
3369795,-1
589251,-1
971917,-1
156572,-1
1390612,-1
180760,-1
299405,-1
591144,-1
603084,-1
930625,-1
1009651,-1
515667,-1
1206125,-1
1213449,-1
1050046,-1
373723,-1
418992,-1
23826,-1
282565,-1
1435267,-1
482900,-1
1580169,-1
1401771,-1
1506394,-1
320458,-1
1662367,-1
1921794,-1
856156,-1
344845,-1
158053,-1
1191447,-1
1474946,-1
1974987,-1
2255773,-1
350699,-1
2620784,-1
1345506,-1
2647030,-1
1889685,-1
473471,-1
1247160,-1
863155,-1
278592,-1
29244,-1
1239164,-1
581091,-1
278582,-1
249695,-1
401931,-1
2217966,-1
3218642,-1
1039504,-1
79450,-1
1780608,-1
1074886,-1
947211,-1
137229,-1
1895847,-1
3785917,-1
713447,-1
115633,-1
1737873,-1
1521552,-1
4452188,-1
348476,-1
133899,-1
565848,-1
24784,-1
394198,-1
1903265,-1
1534613,-1
1779799,-1
58310,-1
554016,-1
1190461,-1
145693,-1
236289,-1
3182965,-1
377280,-1
2054190,-1
87635,-1
672486,-1
3106739,-1
2570727,-1
79355,-1
3971554,-1
79511,-1
1433138,-1
1752670,-1
826560,-1
2281027,-1
2276626,-1
331970,-1
361416,-1
4774638,-1
890837,-1
779368,-1
307249,-1
1932582,-1
258055,-1
300055,-1
271315,-1
371343,-1
406999,-1
414709,-1
669043,-1
841850,-1
853354,-1
53887,-1
399696,-1
1114168,-1
1199746,-1
195967,-1
1279474,-1
310018,-1
1108189,-1
1161720,-1
557956,-1
738005,-1
452117,-1
557960,-1
502003,-1
243661,-1
1066588,-1
290261,-1
720210,-1
1719475,-1
69276,-1
2121584,-1
280171,-1
478237,-1
588733,-1
2177425,-1
354576,-1
680806,-1
565146,-1
2628557,-1
314675,-1
457935,-1
268941,-1
2112814,-1
612039,-1
170429,-1
1892403,-1
348957,-1
1156524,-1
3223626,-1
3263961,-1
2887574,-1
1761323,-1
115624,-1
3982070,-1
1267608,-1
1792768,-1
1426949,-1
520606,-1
1937529,-1
777056,-1
822076,-1
1070374,-1
565435,-1
494775,-1
545401,-1
584084,-1
2670422,-1
2126758,-1
354445,-1
1077932,-1
156392,-1
1229336,-1
346492,-1
121091,-1
830369,-1
309982,-1
969460,-1
138308,-1
2079943,-1
356629,-1
3210692,-1
4258465,-1
477970,-1
532244,-1
787182,-1
1485458,-1
2214765,-1
1625486,-1
76761,-1
145665,-1
5541053,-1
1806592,-1
481623,-1
198019,-1
355162,-1
947590,-1
4793290,-1
184789,-1
2752762,-1
208035,-1
76675,-1
162292,-1
304901,-1
270825,-1
430411,-1
411023,-1
923192,-1
525842,-1
1029088,-1
299626,-1
258053,-1
18133,-1
142426,-1
1281382,-1
1327458,-1
357894,-1
447933,-1
1380544,-1
294125,-1
1804640,-1
924150,-1
1137711,-1
393674,-1
2079940,-1
928877,-1
1910196,-1
2485441,-1
1534928,-1
312834,-1
2643486,-1
71153,-1
2062621,-1
2632031,-1
1667062,-1
967215,-1
470927,-1
3290763,-1
1840021,-1
484147,-1
1449848,-1
1738253,-1
163895,-1
62797,-1
2754592,-1
2084705,-1
611117,-1
528241,-1
1450326,-1
711812,-1
921498,-1
2751958,-1
2529942,-1
517892,-1
62666,-1
294833,-1
170323,-1
1561923,-1
2524575,-1
49782,-1
430185,-1
1551373,-1
1801867,-1
1801865,-1
133312,-1
1735488,-1
2902951,-1
345562,-1
4524644,-1
133380,-1
176023,-1
1250067,-1
916391,-1
1618945,-1
23864,-1
46990,-1
524025,-1
746445,-1
307615,-1
830361,-1
925708,-1
1281213,-1
558525,-1
720220,-1
528756,-1
1509967,-1
726868,-1
2794294,-1
911756,-1
46025,-1
141208,-1
382309,-1
483022,-1
502034,-1
115611,-1
945044,-1
989686,-1
1146976,-1
23596,-1
623419,-1
864104,-1
125353,-1
375204,-1
1249010,-1
80112,-1
1341001,-1
1840780,-1
1762311,-1
8544,-1
596635,-1
11960,-1
294814,-1
62968,-1
2053251,-1
1090085,-1
342171,-1
2842073,-1
79579,-1
152171,-1
922145,-1
1532514,-1
1921886,-1
1015646,-1
79549,-1
3169798,-1
780885,-1
871452,-1
1646480,-1
2854270,-1
83274,-1
1696456,-1
1053803,-1
822921,-1
251156,-1
1441229,-1
1412214,-1
145662,-1
3170757,-1
1397195,-1
928915,-1
497703,-1
46007,-1
3410226,-1
1590569,-1
469706,-1
652781,-1
344848,-1
173591,-1
1819799,-1
98513,-1
615280,-1
619438,-1
1726656,-1
118289,-1
354850,-1
614694,-1
640653,-1
173608,-1
1537770,-1
331735,-1
2829510,-1
5418652,-1
3924514,-1
3950789,-1
3621998,-1
509993,-1
1796560,-1
475954,-1
79590,-1
2328876,-1
1616699,-1
412208,-1
623467,-1
1985113,-1
873800,-1
4195098,-1
75938,-1
759344,-1
79394,-1
38202,-1
162158,-1
272671,-1
590740,-1
304769,-1
121087,-1
79427,-1
377777,-1
248480,-1
390586,-1
619347,-1
1136535,-1
1135947,-1
217826,-1
1129918,-1
1548995,-1
97662,-1
2119601,-1
871910,-1
1652861,-1
589423,-1
2133225,-1
1530742,-1
266913,-1
1438624,-1
23542,-1
3868533,-1
2090945,-1
66331,-1
2272116,-1
1272350,-1
216900,-1
1060698,-1
23845,-1
470852,-1
958985,-1
254385,-1
3259446,-1
4702740,-1
50291,-1
2544346,-1
3928236,-1
1284797,-1
1400774,-1
575282,-1
2861746,-1
1019788,-1
90887,-1
1630852,-1
3494027,-1
2572660,-1
3790154,-1
1004200,-1
33797,-1
3909358,-1
79422,-1
395469,-1
414735,-1
520338,-1
515554,-1
587362,-1
138307,-1
117900,-1
721568,-1
724961,-1
228743,-1
90875,-1
160538,-1
44423,-1
249307,-1
937990,-1
527996,-1
958984,-1
96528,-1
79460,-1
219043,-1
1108183,-1
223317,-1
44253,-1
104736,-1
460160,-1
481595,-1
64119,-1
640609,-1
511405,-1
313778,-1
239373,-1
288546,-1
791120,-1
418986,-1
23473,-1
430172,-1
660348,-1
821094,-1
169156,-1
178885,-1
520356,-1
6702,-1
11864,-1
544038,-1
521268,-1
104921,-1
2210237,-1
188162,-1
61175,-1
593088,-1
1182441,-1
2184822,-1
544844,-1
1272351,-1
382582,-1
2560659,-1
67604,-1
77317,-1
180437,-1
289156,-1
91951,-1
217049,-1
23856,-1
520373,-1
152022,-1
115613,-1
3132624,-1
408177,-1
3261550,-1
588220,-1
370654,-1
1625012,-1
3337023,-1
33613,-1
710817,-1
365586,-1
293167,-1
842746,-1
149233,-1
1260341,-1
79585,-1
58258,-1
3515811,-1
1351447,-1
1748706,-1
1795295,-1
288763,-1
88667,-1
344847,-1
720214,-1
4171796,-1
288711,-1
542020,-1
183005,-1
1289002,-1
258886,-1
802211,-1
725082,-1
170611,-1
2022447,-1
1390043,-1
25365,-1
5383411,-1
848834,-1
1176783,-1
2381753,-1
679923,-1
50231,-1
63047,-1
963377,-1
510002,-1
264551,-1
113614,-1
6830247,-1
23812,-1
117901,-1
117902,-1
145649,-1
180402,-1
63150,-1
239394,-1
302876,-1
1651,-1
512182,-1
46977,-1
470843,-1
137339,-1
63054,-1
482874,-1
79489,-1
282514,-1
162169,-1
765931,-1
1072193,-1
1120882,-1
235822,-1
161494,-1
1225104,-1
389702,-1
1319310,-1
257144,-1
686704,-1
268699,-1
60440,-1
1641549,-1
1662363,-1
61299,-1
913493,-1
1669297,-1
64258,-1
278599,-1
1037334,-1
1835453,-1
413845,-1
686396,-1
11956,-1
61070,-1
51109,-1
412746,-1
60537,-1
282573,-1
902468,-1
264629,-1
1252515,-1
2582274,-1
289436,-1
457957,-1
130560,-1
158678,-1
1049337,-1
595370,-1
58428,-1
79470,-1
668374,-1
133267,-1
390037,-1
357229,-1
1350481,-1
1636879,-1
180413,-1
3696097,-1
365062,-1
34743,-1
291734,-1
57953,-1
360512,-1
724963,-1
1208805,-1
642946,-1
368666,-1
755343,-1
503353,-1
648303,-1
86641,-1
700289,-1
24735,-1
1011058,-1
283469,-1
1789195,-1
1937135,-1
110068,-1
6817,-1
378664,-1
1935842,-1
145701,-1
1641308,-1
360789,-1
98535,-1
79518,-1
2687012,-1
3307301,-1
264506,-1
394703,-1
1032103,-1
991298,-1
3366650,-1
2695234,-1
2023652,-1
712328,-1
540931,-1
410750,-1
70011,-1
83278,-1
98392,-1
132601,-1
83637,-1
1332,-1
66737,-1
191024,-1
46965,-1
290951,-1
296642,-1
22266,-1
118568,-1
62682,-1
404436,-1
325440,-1
187137,-1
91972,-1
635741,-1
715857,-1
780624,-1
79575,-1
83677,-1
243863,-1
285907,-1
929907,-1
378942,-1
87522,-1
719924,-1
86537,-1
442190,-1
1097398,-1
180431,-1
217722,-1
8872,-1
1393113,-1
1449843,-1
358539,-1
296260,-1
298909,-1
109866,-1
23452,-1
245874,-1
68512,-1
907647,-1
294412,-1
984783,-1
73835,-1
613045,-1
92628,-1
944492,-1
79914,-1
2012870,-1
1136426,-1
2078088,-1
6885,-1
128186,-1
80155,-1
482881,-1
113616,-1
361500,-1
248952,-1
555610,-1
1634,-1
484423,-1
259100,-1
490474,-1
2914356,-1
670930,-1
1031119,-1
802234,-1
413945,-1
175616,-1
726866,-1
163810,-1
229322,-1
67617,-1
598110,-1
3498040,-1
90323,-1
520449,-1
169142,-1
1333624,-1
322968,-1
304565,-1
68179,-1
470380,-1
141226,-1
2629574,-1
2454753,-1
1287764,-1
174138,-1
662946,-1
831224,-1
1024429,-1
93925,-1
573422,-1
2080341,-1
2145940,-1
23547,-1
720137,-1
4218452,-1
98683,-1
93471,-1
573415,-1
79933,-1
96441,-1
1801872,-1
491520,-1
79790,-1
867727,-1
182297,-1
587898,-1
2006916,-1
79668,-1
545117,-1
963376,-1
121162,-1
538693,-1
720138,-1
506979,-1
1221133,-1
307165,-1
110075,-1
1268208,-1
206696,-1
2741937,-1
557081,-1
26962,-1
205387,-1
138323,-1
60607,-1
291800,-1
23836,-1
116760,-1
344849,-1
410742,-1
132618,-1
91933,-1
410743,-1
58664,-1
35629,-1
549450,-1
23829,-1
60674,-1
294825,-1
294824,-1
615644,-1
34758,-1
229399,-1
174390,-1
775755,-1
85036,-1
697684,-1
96313,-1
866645,-1
415747,-1
80625,-1
93434,-1
822078,-1
759412,-1
53474,-1
289555,-1
1024219,-1
141414,-1
303004,-1
525013,-1
68160,-1
266881,-1
353149,-1
1320050,-1
293132,-1
1393115,-1
1393116,-1
1393117,-1
295688,-1
1127850,-1
866688,-1
679911,-1
100106,-1
44709,-1
80014,-1
46759,-1
392119,-1
941506,-1
459387,-1
791448,-1
457610,-1
191567,-1
899865,-1
986451,-1
975713,-1
60679,-1
762476,-1
92675,-1
784743,-1
637734,-1
487503,-1
778869,-1
1532004,-1
58665,-1
2856884,-1
2894606,-1
588467,-1
253799,-1
1681551,-1
364165,-1
3299399,-1
2653310,-1
1356767,-1
414938,-1
662095,-1
90853,-1
791065,-1
502072,-1
414783,-1
802246,-1
2383241,-1
2769857,-1
1019307,-1
702338,-1
2548543,-1
322921,-1
58116,-1
2121344,-1
979545,-1
304800,-1
588144,-1
253355,-1
3695691,-1
442115,-1
158670,-1
344039,-1
50219,-1
887978,-1
280192,-1
1393118,-1
1650432,-1
27510,-1
526052,-1
105894,-1
2691104,-1
1489218,-1
1613152,-1
962776,-1
447601,-1
741485,-1
787137,-1
510021,-1
1756211,-1
341597,-1
2287879,-1
412955,-1
80985,-1
77299,-1
299543,-1
145198,-1
62693,-1
104713,-1
146420,-1
522340,-1
185822,-1
61093,-1
180494,-1
746366,-1
410746,-1
470867,-1
470868,-1
140430,-1
804756,-1
697817,-1
125647,-1
887868,-1
107086,-1
924136,-1
406096,-1
1074608,-1
413538,-1
615969,-1
1268196,-1
132642,-1
403945,-1
53780,-1
1372357,-1
110040,-1
62925,-1
424478,-1
1285613,-1
19823,-1
161432,-1
163951,-1
1107386,-1
307430,-1
1433120,-1
79592,-1
588827,-1
2036454,-1
23461,-1
152168,-1
79978,-1
296687,-1
843037,-1
289526,-1
1066818,-1
2482959,-1
62760,-1
759369,-1
297420,-1
521512,-1
125697,-1
79988,-1
114691,-1
99100,-1
3411463,-1
122830,-1
370658,-1
557097,-1
1662701,-1
87571,-1
777400,-1
481622,-1
31009,-1
183373,-1
548848,-1
1231495,-1
138765,-1
159186,-1
1827956,-1
247600,-1
1693658,-1
79662,-1
207236,-1
1233522,-1
872164,-1
244093,-1
122819,-1
31854,-1
519637,-1
2829001,-1
79895,-1
354457,-1
358600,-1
2078570,-1
984768,-1
257150,-1
3618295,-1
223208,-1
236292,-1
1416141,-1
958753,-1
138779,-1
3345123,-1
23454,-1
183021,-1
183026,-1
193204,-1
93865,-1
366408,-1
249368,-1
296663,-1
23588,-1
608882,-1
11871,-1
655459,-1
708804,-1
98506,-1
430197,-1
651100,-1
86670,-1
294985,-1
297216,-1
371377,-1
1133371,-1
1032787,-1
1268280,-1
1129292,-1
1149164,-1
1417373,-1
843058,-1
203207,-1
51089,-1
837682,-1
503145,-1
303763,-1
122832,-1
1301398,-1
34738,-1
549745,-1
574734,-1
1801873,-1
114534,-1
728346,-1
2003144,-1
2138686,-1
554463,-1
133958,-1
87698,-1
1737349,-1
1196507,-1
79982,-1
829382,-1
177697,-1
1074871,-1
283471,-1
1681921,-1
491538,-1
229994,-1
788393,-1
271337,-1
161077,-1
3075730,-1
225267,-1
876006,-1
1419571,-1
834296,-1
658608,-1
297215,-1
1010455,-1
79989,-1
79712,-1
1053601,-1
8602,-1
465737,-1
61313,-1
1279460,-1
1989058,-1
276018,-1
100099,-1
1478422,-1
29309,-1
354483,-1
726285,-1
80514,-1
1741128,-1
531864,-1
239470,-1
581856,-1
2807304,-1
2066421,-1
722604,-1
307612,-1
4540158,-1
842391,-1
229426,-1
392045,-1
701896,-1
376972,-1
858113,-1
3558972,-1
2935321,-1
588183,-1
111227,-1
1799869,-1
122929,-1
1579388,-1
280180,-1
3310603,-1
505337,-1
502498,-1
3027753,-1
141758,-1
271234,-1
213392,-1
291774,-1
844217,-1
346489,-1
158643,-1
911792,-1
158951,-1
1086149,-1
758386,-1
1191175,-1
1268393,-1
1383675,-1
138675,-1
478225,-1
674533,-1
280155,-1
412329,-1
557803,-1
25783,-1
138634,-1
791604,-1
131578,-1
480405,-1
249887,-1
354498,-1
63032,-1
1657449,-1
1280879,-1
164880,-1
211645,-1
161012,-1
98512,-1
125680,-1
132626,-1
138673,-1
87589,-1
152145,-1
382485,-1
2813088,-1
588781,-1
118273,-1
738270,-1
2274180,-1
830400,-1
53203,-1
1801874,-1
986753,-1
79774,-1
558860,-1
3322089,-1
1626048,-1
486414,-1
216578,-1
20036,-1
1616181,-1
291755,-1
676509,-1
728798,-1
777072,-1
1209056,-1
473421,-1
58349,-1
631816,-1
59329,-1
1052367,-1
1712238,-1
3098088,-1
98473,-1
648244,-1
1885197,-1
2186898,-1
354522,-1
17503,-1
79666,-1
53152,-1
51103,-1
27485,-1
79724,-1
460795,-1
73381,-1
368675,-1
92667,-1
17948,-1
761646,-1
108964,-1
669093,-1
188700,-1
542939,-1
911078,-1
313103,-1
866584,-1
33830,-1
1173117,-1
670783,-1
83612,-1
419090,-1
138670,-1
1097400,-1
1428639,-1
1430110,-1
862812,-1
1453939,-1
533355,-1
1749884,-1
310439,-1
518381,-1
1510206,-1
1883667,-1
1351446,-1
1086163,-1
2292322,-1
308050,-1
303189,-1
842698,-1
460792,-1
2400525,-1
248210,-1
381231,-1
1392992,-1
492037,-1
180562,-1
159124,-1
1304868,-1
91519,-1
61129,-1
61019,-1
2882532,-1
191017,-1
562061,-1
87604,-1
73965,-1
227838,-1
79961,-1
269015,-1
63007,-1
829672,-1
62972,-1
80042,-1
3631980,-1
255604,-1
1471836,-1
1642224,-1
2876762,-1
1072205,-1
1439805,-1
873820,-1
54491,-1
1364462,-1
3466838,-1
883511,-1
390640,-1
1801886,-1
784754,-1
856397,-1
498039,-1
98496,-1
491560,-1
365058,-1
58325,-1
272295,-1
1316923,-1
554116,-1
1370318,-1
495514,-1
328116,-1
3147328,-1
847873,-1
3563302,-1
134044,-1
1875005,-1
3011720,-1
438989,-1
1108341,-1
1567086,-1
79697,-1
24599,-1
79719,-1
79728,-1
98808,-1
191015,-1
344855,-1
215830,-1
414809,-1
532928,-1
641742,-1
114480,-1
259092,-1
911642,-1
171951,-1
1475,-1
911466,-1
291233,-1
44897,-1
1024259,-1
296419,-1
601534,-1
588267,-1
1785502,-1
11938,-1
22497,-1
11602,-1
1099912,-1
1400170,-1
1131976,-1
227839,-1
478243,-1
127562,-1
183100,-1
2623606,-1
294832,-1
964858,-1
344750,-1
297646,-1
1720120,-1
887963,-1
23862,-1
1020188,-1
3287333,-1
1204743,-1
1338745,-1
1166639,-1
503166,-1
59332,-1
1097364,-1
2522326,-1
3687022,-1
160473,-1
326310,-1
79923,-1
782986,-1
2637560,-1
60938,-1
1693022,-1
340421,-1
2319260,-1
524024,-1
83430,-1
80044,-1
2318247,-1
331523,-1
1664848,-1
588172,-1
1032791,-1
657180,-1
90918,-1
53849,-1
1400173,-1
473608,-1
887542,-1
2201869,-1
384244,-1
378162,-1
59344,-1
290896,-1
146088,-1
2557932,-1
83461,-1
360505,-1
826605,-1
166299,-1
2141820,-1
1060054,-1
52484,-1
1320721,-1
404471,-1
288673,-1
1657679,-1
92777,-1
77316,-1
100337,-1
258436,-1
482974,-1
545115,-1
272659,-1
188713,-1
472849,-1
266363,-1
559649,-1
835730,-1
835732,-1
278623,-1
533147,-1
58218,-1
447711,-1
713295,-1
943725,-1
747963,-1
288678,-1
8685,-1
92746,-1
8674,-1
526231,-1
611132,-1
87701,-1
62890,-1
1273251,-1
132617,-1
826570,-1
1154014,-1
243822,-1
303190,-1
503158,-1
90314,-1
1617068,-1
212928,-1
565723,-1
1680,-1
1745682,-1
30064,-1
392624,-1
1797910,-1
1636573,-1
676541,-1
243867,-1
243825,-1
185197,-1
281786,-1
2078881,-1
1161731,-1
289498,-1
2112894,-1
1301393,-1
99999,-1
1313635,-1
1152295,-1
2877562,-1
122920,-1
3075731,-1
65838,-1
674175,-1
853651,-1
348675,-1
414940,-1
655876,-1
233356,-1
2217634,-1
538706,-1
223373,-1
1748132,-1
764193,-1
310451,-1
1194881,-1
510027,-1
80209,-1
353063,-1
2539398,-1
4339422,-1
3906055,-1
627677,-1
894329,-1
304506,-1
1345031,-1
1299274,-1
3795644,-1
593099,-1
2080559,-1
1066947,-1
843539,-1
169115,-1
458852,-1
104512,-1
1019949,-1
865077,-1
79847,-1
92682,-1
98450,-1
169276,-1
236295,-1
229752,-1
148199,-1
137355,-1
130729,-1
98477,-1
448298,-1
309994,-1
61103,-1
510938,-1
80036,-1
249764,-1
60773,-1
546091,-1
382459,-1
656479,-1
459306,-1
87597,-1
190733,-1
313041,-1
917222,-1
85009,-1
185667,-1
1097402,-1
1099933,-1
493464,-1
282957,-1
568111,-1
1108308,-1
577576,-1
247481,-1
679226,-1
1341000,-1
791258,-1
1557548,-1
621685,-1
1286994,-1
114189,-1
1797553,-1
111238,-1
1140383,-1
558862,-1
1445002,-1
588979,-1
237366,-1
494590,-1
340681,-1
177899,-1
1738174,-1
2387743,-1
187133,-1
58137,-1
8808,-1
502300,-1
580994,-1
79884,-1
1924641,-1
1273692,-1
1306239,-1
588218,-1
450095,-1
583448,-1
534150,-1
3706623,-1
548910,-1
1842412,-1
938130,-1
1144185,-1
1400099,-1
153131,-1
876524,-1
3492588,-1
1173357,-1
4194262,-1
1354252,-1
22514,-1
1461213,-1
790508,-1
284313,-1
1053097,-1
1915895,-1
656824,-1
588235,-1
346518,-1
1329469,-1
276011,-1
1617001,-1
1051136,-1
1144417,-1
188699,-1
2577541,-1
2717547,-1
123018,-1
4422181,-1
79870,-1
79878,-1
92685,-1
62894,-1
186609,-1
247473,-1
204903,-1
413232,-1
320472,-1
320475,-1
320476,-1
320477,-1
83574,-1
61297,-1
712239,-1
765921,-1
822042,-1
822057,-1
253804,-1
835734,-1
409178,-1
630353,-1
962686,-1
971766,-1
60779,-1
1229053,-1
887537,-1
1418498,-1
819865,-1
1537609,-1
649694,-1
169154,-1
61278,-1
255858,-1
1827110,-1
170614,-1
601339,-1
1128861,-1
288676,-1
46054,-1
237569,-1
290882,-1
1178350,-1
29295,-1
6953,-1
842650,-1
442345,-1
233495,-1
103547,-1
80124,-1
383906,-1
174682,-1
1552932,-1
927974,-1
915383,-1
844996,-1
1188495,-1
588813,-1
588138,-1
281796,-1
821725,-1
635858,-1
524865,-1
104739,-1
1921044,-1
62922,-1
4650532,-1
54025,-1
3149227,-1
2310333,-1
1563242,-1
65854,-1
4933314,-1
619473,-1
896644,-1
96462,-1
2216597,-1
177680,-1
79925,-1
108159,-1
184977,-1
195927,-1
140427,-1
62980,-1
51093,-1
304906,-1
111244,-1
23546,-1
378115,-1
11855,-1
117918,-1
570501,-1
394571,-1
780664,-1
922758,-1
1019217,-1
787455,-1
281788,-1
98520,-1
1019234,-1
294843,-1
1268949,-1
1158483,-1
298606,-1
802628,-1
1458671,-1
1734484,-1
92004,-1
266897,-1
452072,-1
2079235,-1
1299277,-1
2216594,-1
52481,-1
123010,-1
2363089,-1
1229039,-1
2407904,-1
837685,-1
33835,-1
412231,-1
644397,-1
2862818,-1
2180718,-1
3292543,-1
283311,-1
1065565,-1
588346,-1
2079427,-1
1116188,-1
183737,-1
300500,-1
666695,-1
321201,-1
80004,-1
2287497,-1
198500,-1
156403,-1
1869624,-1
170404,-1
2301239,-1
1815309,-1
243951,-1
519897,-1
589069,-1
984812,-1
484980,-1
413234,-1
534184,-1
228770,-1
360520,-1
589338,-1
3407246,-1
413872,-1
6829225,-1
2001694,-1
161043,-1
236879,-1
272674,-1
472866,-1
499546,-1
631762,-1
118629,-1
223309,-1
651318,-1
829366,-1
676713,-1
52367,-1
193264,-1
199746,-1
718812,-1
139260,-1
640115,-1
161495,-1
649325,-1
92714,-1
126042,-1
1016351,-1
1658351,-1
1669348,-1
1006287,-1
121171,-1
216904,-1
2022018,-1
664354,-1
24761,-1
980232,-1
1325954,-1
114982,-1
588382,-1
1351436,-1
601381,-1
123032,-1
704390,-1
1220913,-1
281790,-1
751808,-1
80593,-1
270939,-1
228914,-1
931857,-1
1289030,-1
1440560,-1
187866,-1
2059011,-1
702814,-1
1211188,-1
3859368,-1
80041,-1
3563790,-1
2173485,-1
1229122,-1
303081,-1
1313801,-1
412348,-1
1313029,-1
223315,-1
83651,-1
632280,-1
212900,-1
83680,-1
244129,-1
365057,-1
365048,-1
114978,-1
62959,-1
61209,-1
737023,-1
308054,-1
117573,-1
123084,-1
167319,-1
865440,-1
212912,-1
60951,-1
193224,-1
1080980,-1
223308,-1
303186,-1
409691,-1
54145,-1
835684,-1
844542,-1
1210988,-1
407038,-1
726870,-1
414874,-1
134032,-1
398379,-1
22513,-1
1456045,-1
588390,-1
414935,-1
1610594,-1
1180658,-1
114994,-1
1866444,-1
388962,-1
609725,-1
588384,-1
2616005,-1
159966,-1
271285,-1
858651,-1
225223,-1
111268,-1
676260,-1
461824,-1
510040,-1
1453489,-1
803326,-1
1435422,-1
80638,-1
100097,-1
1767934,-1
80072,-1
1171720,-1
365061,-1
1464240,-1
80082,-1
2952837,-1
321202,-1
414818,-1
1786531,-1
416514,-1
80336,-1
169951,-1
1767723,-1
3631467,-1
636592,-1
92037,-1
245345,-1
107045,-1
149576,-1
111266,-1
90929,-1
34755,-1
1778,-1
445079,-1
718180,-1
60989,-1
371452,-1
217829,-1
484393,-1
298574,-1
283318,-1
457840,-1
1186692,-1
553649,-1
497386,-1
1412516,-1
1050098,-1
1440940,-1
181868,-1
248274,-1
285329,-1
13374,-1
959858,-1
1532020,-1
786184,-1
196706,-1
607709,-1
2374657,-1
621741,-1
507481,-1
633198,-1
906475,-1
285328,-1
963314,-1
925706,-1
1122783,-1
356048,-1
6906,-1
553661,-1
3287350,-1
1484478,-1
93519,-1
80349,-1
3755766,-1
213414,-1
3144850,-1
1478161,-1
125360,-1
80610,-1
296697,-1
92771,-1
1495180,-1
291796,-1
4061415,-1
1942381,-1
941590,-1
1192290,-1
3880151,-1
2099541,-1
80134,-1
588816,-1
328250,-1
412531,-1
11879,-1
26471,-1
127157,-1
134003,-1
135648,-1
83583,-1
247131,-1
84982,-1
175128,-1
125349,-1
34766,-1
281235,-1
269900,-1
51101,-1
259844,-1
918094,-1
114547,-1
121353,-1
1405313,-1
159952,-1
169136,-1
1641470,-1
874491,-1
115654,-1
1116187,-1
83649,-1
205435,-1
420026,-1
2079408,-1
2098845,-1
884538,-1
223328,-1
2189883,-1
2132671,-1
356739,-1
356741,-1
919174,-1
1053620,-1
328235,-1
321996,-1
486409,-1
228923,-1
852495,-1
688400,-1
3269716,-1
502308,-1
80383,-1
558000,-1
104521,-1
1860327,-1
135566,-1
80156,-1
1915907,-1
553130,-1
710154,-1
588541,-1
80207,-1
360013,-1
2758282,-1
2038543,-1
2894625,-1
1613,-1
515147,-1
1219729,-1
791097,-1
936322,-1
365435,-1
34740,-1
2201666,-1
1917093,-1
234294,-1
310344,-1
52489,-1
458087,-1
118633,-1
60909,-1
123048,-1
92775,-1
803327,-1
287748,-1
303187,-1
309293,-1
693431,-1
375309,-1
659049,-1
281811,-1
368355,-1
378947,-1
1082628,-1
170402,-1
1779,-1
397712,-1
589009,-1
627945,-1
1528060,-1
214215,-1
357045,-1
1158648,-1
100677,-1
1771532,-1
853615,-1
23593,-1
662971,-1
1886530,-1
493469,-1
1004074,-1
984838,-1
443305,-1
557108,-1
1567026,-1
2564599,-1
356740,-1
66795,-1
134033,-1
3075740,-1
1433119,-1
778143,-1
655484,-1
109889,-1
77363,-1
109883,-1
3976804,-1
1854795,-1
979087,-1
65882,-1
1502354,-1
3076641,-1
271324,-1
98525,-1
679542,-1
63012,-1
1343882,-1
19962,-1
258131,-1
2356710,-1
1485611,-1
2739470,-1
80583,-1
314739,-1
3168341,-1
966243,-1
1432409,-1
80211,-1
92038,-1
98502,-1
70155,-1
34751,-1
346963,-1
98689,-1
223301,-1
181853,-1
616574,-1
61226,-1
458088,-1
219431,-1
835685,-1
1082261,-1
1117961,-1
249206,-1
1306214,-1
1431857,-1
324968,-1
266914,-1
677584,-1
33823,-1
510588,-1
1614,-1
169139,-1
1948289,-1
1628449,-1
694766,-1
80373,-1
1016334,-1
520598,-1
272766,-1
2399400,-1
392833,-1
762218,-1
503136,-1
3194380,-1
739816,-1
2120329,-1
1785411,-1
899871,-1
1713272,-1
911470,-1
2700015,-1
1495175,-1
1475629,-1
1394797,-1
1881498,-1
1014894,-1
738378,-1
1919729,-1
2173477,-1
5299142,-1
217820,-1
1726706,-1
80303,-1
1412218,-1
80435,-1
1487044,-1
281815,-1
271348,-1
348674,-1
24776,-1
80264,-1
92039,-1
98507,-1
283331,-1
51099,-1
287401,-1
188646,-1
63034,-1
329562,-1
123104,-1
506531,-1
519894,-1
493454,-1
100068,-1
450344,-1
802273,-1
620692,-1
832356,-1
181861,-1
553769,-1
1019511,-1
212932,-1
1087607,-1
496456,-1
472876,-1
1127067,-1
1050289,-1
1517308,-1
515707,-1
566895,-1
741484,-1
510064,-1
185843,-1
765996,-1
174747,-1
287752,-1
212931,-1
191551,-1
1134565,-1
3300271,-1
677232,-1
246985,-1
588976,-1
1580751,-1
833823,-1
1435419,-1
467822,-1
4222640,-1
493456,-1
290912,-1
961367,-1
2625079,-1
80560,-1
3103544,-1
1070293,-1
1309365,-1
2419770,-1
1115159,-1
619771,-1
823165,-1
1501182,-1
86675,-1
407042,-1
98839,-1
390725,-1
63083,-1
38334,-1
61058,-1
80310,-1
80316,-1
85590,-1
87690,-1
123428,-1
133372,-1
55140,-1
153119,-1
220251,-1
113313,-1
390835,-1
405509,-1
276567,-1
138382,-1
410418,-1
288692,-1
473606,-1
1062333,-1
1116012,-1
589285,-1
416877,-1
368685,-1
46037,-1
61119,-1
165097,-1
2568218,-1
2396580,-1
2680728,-1
354301,-1
483426,-1
630568,-1
2875290,-1
1672239,-1
2671676,-1
245355,-1
992597,-1
679929,-1
34794,-1
1019670,-1
3323511,-1
830426,-1
1909028,-1
135572,-1
2204992,-1
247602,-1
291818,-1
1176343,-1
643900,-1
1084495,-1
1631687,-1
291811,-1
219430,-1
1435443,-1
68961,-1
98831,-1
100371,-1
117593,-1
23650,-1
92041,-1
239452,-1
209055,-1
67705,-1
154595,-1
429996,-1
456691,-1
328468,-1
356738,-1
61329,-1
382856,-1
223343,-1
458873,-1
715753,-1
481688,-1
842862,-1
63134,-1
123103,-1
917948,-1
953998,-1
8921,-1
80391,-1
1019625,-1
1118302,-1
1157767,-1
907478,-1
1651345,-1
640574,-1
409078,-1
621648,-1
718281,-1
2236676,-1
418362,-1
96464,-1
1120723,-1
452719,-1
652128,-1
619761,-1
2646166,-1
1723265,-1
1237269,-1
2350973,-1
1198825,-1
130866,-1
3729870,-1
80591,-1
2489334,-1
3234688,-1
1100034,-1
38204,-1
38205,-1
755,-1
125354,-1
197026,-1
13373,-1
393655,-1
290997,-1
8894,-1
483116,-1
474614,-1
49845,-1
583447,-1
590723,-1
221769,-1
641313,-1
410444,-1
823389,-1
973916,-1
183364,-1
1077337,-1
1086223,-1
1225592,-1
133409,-1
87678,-1
577836,-1
1090082,-1
112234,-1
2080054,-1
217827,-1
870200,-1
695959,-1
1502631,-1
276016,-1
2335177,-1
632301,-1
2017480,-1
864350,-1
540969,-1
1510040,-1
2481607,-1
1024300,-1
3379891,-1
1235317,-1
2868816,-1
1717061,-1
1091140,-1
677225,-1
368682,-1
1438857,-1
1053639,-1
1670147,-1
100088,-1
247594,-1
196194,-1
113606,-1
711166,-1
1084567,-1
2133867,-1
1050724,-1
73975,-1
80411,-1
98832,-1
1772,-1
191027,-1
197029,-1
30448,-1
365042,-1
45809,-1
154826,-1
498496,-1
271962,-1
727820,-1
415294,-1
34870,-1
723857,-1
818103,-1
639837,-1
835738,-1
282163,-1
118293,-1
589311,-1
1256349,-1
1281467,-1
614708,-1
1297048,-1
1198244,-1
663596,-1
481722,-1
100087,-1
709018,-1
1703780,-1
1161740,-1
696763,-1
128339,-1
1683750,-1
526270,-1
2201670,-1
494954,-1
1020434,-1
378171,-1
1490921,-1
138420,-1
2526359,-1
1543700,-1
3265147,-1
1695638,-1
3988974,-1
2201671,-1
1237323,-1
1670149,-1
857866,-1
1072427,-1
1129335,-1
566282,-1
703821,-1
532854,-1
1010645,-1
11925,-1
125356,-1
197031,-1
388362,-1
134141,-1
272305,-1
288780,-1
388536,-1
27535,-1
589165,-1
389825,-1
567549,-1
61282,-1
765933,-1
367108,-1
364714,-1
1019815,-1
1086240,-1
1131478,-1
460180,-1
958192,-1
855008,-1
329335,-1
1145759,-1
1127924,-1
296411,-1
906697,-1
1535668,-1
502310,-1
502311,-1
2373623,-1
1197069,-1
481693,-1
2781425,-1
1175853,-1
99331,-1
2642245,-1
1121382,-1
175144,-1
1093052,-1
80559,-1
481701,-1
3149237,-1
843008,-1
3328060,-1
1137258,-1
137411,-1
685743,-1
530910,-1
1307257,-1
784752,-1
2339402,-1
80639,-1
2133866,-1
45805,-1
70193,-1
80521,-1
98542,-1
100094,-1
213410,-1
213415,-1
332800,-1
177834,-1
322020,-1
63157,-1
460794,-1
11972,-1
583052,-1
589230,-1
612566,-1
680908,-1
747772,-1
156440,-1
365055,-1
851249,-1
132632,-1
882848,-1
1117048,-1
615993,-1
1137754,-1
1136298,-1
1120944,-1
1190742,-1
67909,-1
866832,-1
470930,-1
1555787,-1
1567955,-1
1547367,-1
1574713,-1
252660,-1
1775807,-1
1801893,-1
1924673,-1
1952142,-1
123078,-1
1019911,-1
2222188,-1
225328,-1
865496,-1
1276630,-1
303199,-1
2047684,-1
1958584,-1
873522,-1
1412237,-1
3736671,-1
1436882,-1
2745947,-1
1159098,-1
987157,-1
1909856,-1
722511,-1
1784640,-1
589359,-1
1592379,-1
2945087,-1
1593533,-1
341714,-1
548420,-1
125358,-1
152282,-1
34869,-1
388978,-1
63152,-1
115673,-1
404603,-1
692545,-1
822098,-1
1019909,-1
1156531,-1
500335,-1
1312673,-1
1312890,-1
924516,-1
1498770,-1
449146,-1
1563208,-1
1639618,-1
272783,-1
570669,-1
142841,-1
55256,-1
2804617,-1
1176389,-1
2310378,-1
1160673,-1
589440,-1
979842,-1
4107376,-1
4462510,-1
2157544,-1
589416,-1
1945690,-1
2414762,-1
12000,-1
98841,-1
185846,-1
193323,-1
321516,-1
321517,-1
502317,-1
502318,-1
527015,-1
566829,-1
566830,-1
566831,-1
566832,-1
578779,-1
589447,-1
589449,-1
684530,-1
696362,-1
1114193,-1
1191177,-1
1307389,-1
1310543,-1
1412250,-1
1563210,-1
1568395,-1
1683763,-1
1683764,-1
1743100,-1
1878486,-1
1909854,-1
2232723,-1
2235672,-1
2630672,-1
2957702,-1
2999663,-1
3714778,-1
3831495,-1
3992389,-1
4243899,-1
