4256323,1
300367,1
1456045,1
50118,1
121168,1
62934,1
6620,1
368185,1
449632,1
728174,1
50283,1
35630,1
858520,1
363547,1
79779,1
1458712,1
922757,1
80135,1
1079451,1
282111,1
773352,1
211638,1
558861,1
121163,1
517629,1
236285,1
2112581,1
17505,1
264647,1
963893,1
641841,1
264231,1
207637,1
223321,1
63142,1
161474,1
24719,1
309188,1
253334,1
588463,1
367545,1
565638,1
251888,1
8856,1
46699,1
1371935,1
50245,1
243553,1
99965,1
404604,1
247492,1
256413,1
608973,1
378635,1
474244,1
60747,1
110087,1
29350,1
217809,1
207496,1
67672,1
125679,1
272395,1
367252,1
125678,1
847840,1
615339,1
278561,1
460474,1
237700,1
79817,1
27539,1
117855,1
1140389,1
125671,1
83597,1
71524,1
407659,1
679921,1
264631,1
181655,1
75932,1
87463,1
926491,1
61291,1
79935,1
8478,1
220223,1
374999,1
513739,1
62850,1
486397,1
155498,1
61041,1
708728,1
645631,1
578730,1
324799,1
832713,1
419999,1
215393,1
344609,1
187115,1
413228,1
225283,1
304161,1
356710,1
167308,1
326733,1
467248,1
219419,1
382840,1
378628,1
374936,1
1274599,1
26899,1
738446,1
291806,1
83475,1
1139597,1
271674,1
122943,1
19220,1
794370,1
148196,1
183120,1
668125,1
23635,1
672173,1
2209863,1
392025,1
26526,1
942673,1
344737,1
259110,1
51531,1
27531,1
11916,1
96248,1
87602,1
122902,1
1870984,1
110022,1
923223,1
118636,1
696314,1
73980,1
697777,1
121093,1
54076,1
33354,1
679221,1
280152,1
677237,1
325865,1
339642,1
29684,1
23865,1
89026,1
33375,1
57926,1
608607,1
11603,1
61215,1
304293,1
389116,1
276968,1
62533,1
628791,1
156923,1
1019333,1
141204,1
80546,1
166654,1
8728,1
8791,1
1225635,1
159733,1
122842,1
759539,1
169311,1
209606,1
346510,1
395436,1
1123763,1
1320025,1
481698,1
634965,1
510702,1
83584,1
61290,1
33675,1
166471,1
375269,1
22432,1
253899,1
251370,1
122963,1
523400,1
359866,1
299618,1
326302,1
1714815,1
22383,1
116481,1
1284335,1
17390,1
1723,1
172368,1
64080,1
394528,1
158770,1
54005,1
205986,1
759,1
303767,1
24814,1
19189,1
20021,1
138678,1
67723,1
79229,1
223247,1
1272750,1
1011022,1
11863,1
261703,1
186083,1
8923,1
366362,1
181575,1
87622,1
178887,1
650854,1
423617,1
109009,1
699599,1
558859,1
321988,1
278628,1
60496,1
950665,1
376527,1
79822,1
45816,1
175359,1
190721,1
759390,1
229408,1
489141,1
50281,1
27547,1
985309,1
163773,1
205560,1
154569,1
321829,1
22365,1
1738010,1
398760,1
158615,1
295016,1
687879,1
22471,1
29677,1
588232,1
115658,1
245905,1
419554,1
637632,1
3414337,1
146103,1
3149224,1
147951,1
29683,1
38187,1
156354,1
11899,1
249883,1
145678,1
60980,1
717216,1
66218,1
87437,1
65883,1
472264,1
79699,1
289040,1
456273,1
96429,1
2058686,1
22457,1
588119,1
87628,1
114458,1
4455434,1
549678,1
418391,1
170610,1
122893,1
1035443,1
117730,1
546210,1
204501,1
589251,1
63076,1
418992,1
23826,1
172649,1
87711,1
863155,1
29244,1
3785917,1
115633,1
24784,1
145693,1
701437,1
236289,1
87635,1
679211,1
63140,1
31794,1
87430,1
53887,1
138548,1
44107,1
1161720,1
81123,1
58437,1
69276,1
280171,1
370650,1
26553,1
44434,1
520606,1
494775,1
2670422,1
156392,1
1229336,1
477970,1
8888,1
145665,1
481623,1
355162,1
37946,1
79339,1
162292,1
52482,1
270825,1
923192,1
8696,1
111180,1
142426,1
1123296,1
19922,1
2079940,1
85050,1
276096,1
163895,1
62797,1
115005,1
170323,1
1659,1
49782,1
1551373,1
133312,1
1735488,1
133380,1
916391,1
23864,1
925708,1
726868,1
46025,1
64216,1
22434,1
23596,1
94928,1
1341001,1
11960,1
268904,1
62968,1
342171,1
1053803,1
239395,1
469706,1
614694,1
640653,1
509993,1
496450,1
873800,1
79394,1
38202,1
272671,1
79427,1
248480,1
1135947,1
1129918,1
97662,1
871910,1
266913,1
23542,1
1272350,1
216900,1
23845,1
958985,1
50291,1
1284797,1
1400774,1
33797,1
117900,1
228743,1
44423,1
223317,1
104736,1
460160,1
640609,1
288546,1
11864,1
521268,1
61175,1
1182441,1
382582,1
77317,1
217049,1
23856,1
152022,1
33613,1
365586,1
293167,1
288763,1
88667,1
679923,1
50231,1
963377,1
264551,1
145649,1
302876,1
1651,1
512182,1
63054,1
282514,1
765931,1
235822,1
161494,1
1319310,1
257144,1
268699,1
64258,1
278599,1
1037334,1
413845,1
282573,1
264629,1
1252515,1
158678,1
58428,1
668374,1
133267,1
34743,1
57953,1
1208805,1
642946,1
86641,1
6817,1
145701,1
360789,1
98535,1
79518,1
712328,1
83278,1
98392,1
191024,1
46965,1
118568,1
325440,1
91972,1
715857,1
83677,1
243863,1
378942,1
8872,1
296260,1
23452,1
245874,1
68512,1
907647,1
294412,1
984783,1
73835,1
79914,1
6885,1
80155,1
361500,1
1634,1
259100,1
490474,1
1031119,1
413945,1
175616,1
67617,1
322968,1
68179,1
141226,1
93925,1
23547,1
98683,1
93471,1
96441,1
79790,1
867727,1
545117,1
110075,1
206696,1
557081,1
26962,1
23836,1
116760,1
132618,1
35629,1
23829,1
60674,1
294825,1
229399,1
85036,1
697684,1
415747,1
93434,1
289555,1
141414,1
525013,1
353149,1
293132,1
100106,1
44709,1
80014,1
392119,1
459387,1
60679,1
92675,1
1356767,1
414938,1
322921,1
58116,1
3695691,1
158670,1
344039,1
50219,1
280192,1
27510,1
105894,1
510021,1
80985,1
299543,1
145198,1
62693,1
104713,1
146420,1
61093,1
180494,1
140430,1
125647,1
107086,1
406096,1
413538,1
615969,1
132642,1
53780,1
110040,1
19823,1
307430,1
588827,1
152168,1
79978,1
289526,1
297420,1
521512,1
125697,1
79988,1
122830,1
370658,1
557097,1
87571,1
777400,1
31009,1
183373,1
207236,1
122819,1
31854,1
354457,1
358600,1
236292,1
138779,1
23454,1
193204,1
93865,1
366408,1
296663,1
23588,1
11871,1
708804,1
98506,1
430197,1
651100,1
86670,1
1133371,1
1032787,1
1129292,1
843058,1
51089,1
303763,1
122832,1
34738,1
549745,1
554463,1
133958,1
1737349,1
283471,1
229994,1
161077,1
225267,1
876006,1
297215,1
79989,1
8602,1
465737,1
61313,1
276018,1
100099,1
29309,1
239470,1
581856,1
229426,1
392045,1
376972,1
858113,1
111227,1
122929,1
280180,1
141758,1
271234,1
213392,1
291774,1
346489,1
158643,1
158951,1
1086149,1
758386,1
138675,1
478225,1
412329,1
557803,1
25783,1
138634,1
791604,1
131578,1
480405,1
354498,1
63032,1
164880,1
211645,1
98512,1
132626,1
152145,1
382485,1
588781,1
118273,1
738270,1
830400,1
53203,1
79774,1
216578,1
728798,1
777072,1
58349,1
59329,1
1712238,1
98473,1
17503,1
79666,1
53152,1
51103,1
27485,1
79724,1
460795,1
73381,1
368675,1
92667,1
17948,1
108964,1
669093,1
188700,1
542939,1
313103,1
33830,1
1173117,1
670783,1
83612,1
862812,1
1453939,1
533355,1
310439,1
1510206,1
1086163,1
308050,1
2400525,1
381231,1
1392992,1
492037,1
159124,1
61129,1
61019,1
191017,1
562061,1
87604,1
79961,1
269015,1
62972,1
80042,1
3631980,1
1072205,1
873820,1
54491,1
390640,1
498039,1
98496,1
365058,1
272295,1
554116,1
1370318,1
328116,1
3147328,1
134044,1
79697,1
24599,1
79719,1
79728,1
98808,1
191015,1
344855,1
215830,1
414809,1
532928,1
114480,1
259092,1
1475,1
911466,1
291233,1
44897,1
296419,1
588267,1
11938,1
22497,1
11602,1
1400170,1
227839,1
478243,1
127562,1
183100,1
964858,1
344750,1
23862,1
1020188,1
59332,1
1097364,1
160473,1
326310,1
79923,1
340421,1
524024,1
83430,1
80044,1
331523,1
588172,1
53849,1
1400173,1
887542,1
384244,1
59344,1
290896,1
146088,1
1060054,1
52484,1
1657679,1
77316,1
100337,1
258436,1
545115,1
272659,1
472849,1
266363,1
559649,1
835730,1
835732,1
278623,1
58218,1
447711,1
713295,1
747963,1
8685,1
92746,1
8674,1
87701,1
62890,1
1273251,1
826570,1
243822,1
503158,1
90314,1
212928,1
1680,1
30064,1
243867,1
185197,1
281786,1
1161731,1
289498,1
99999,1
1313635,1
122920,1
65838,1
674175,1
853651,1
414940,1
538706,1
223373,1
510027,1
80209,1
353063,1
304506,1
1299274,1
843539,1
169115,1
104512,1
79847,1
92682,1
169276,1
229752,1
148199,1
137355,1
130729,1
98477,1
309994,1
61103,1
510938,1
80036,1
60773,1
546091,1
382459,1
459306,1
87597,1
190733,1
313041,1
917222,1
85009,1
185667,1
1097402,1
493464,1
282957,1
568111,1
577576,1
247481,1
679226,1
791258,1
1286994,1
114189,1
111238,1
237366,1
494590,1
340681,1
177899,1
187133,1
58137,1
8808,1
580994,1
79884,1
588218,1
450095,1
548910,1
153131,1
1173357,1
1354252,1
22514,1
346518,1
276011,1
188699,1
123018,1
92685,1
62894,1
204903,1
413232,1
320472,1
320475,1
320476,1
320477,1
83574,1
61297,1
765921,1
822042,1
253804,1
835734,1
630353,1
971766,1
60779,1
887537,1
819865,1
649694,1
169154,1
170614,1
288676,1
46054,1
237569,1
290882,1
1178350,1
29295,1
6953,1
233495,1
80124,1
383906,1
174682,1
927974,1
844996,1
1188495,1
588813,1
281796,1
821725,1
635858,1
524865,1
104739,1
62922,1
65854,1
96462,1
177680,1
79925,1
108159,1
184977,1
195927,1
140427,1
62980,1
51093,1
304906,1
111244,1
378115,1
11855,1
117918,1
570501,1
394571,1
780664,1
787455,1
281788,1
98520,1
294843,1
298606,1
92004,1
266897,1
1299277,1
52481,1
837685,1
644397,1
1065565,1
588346,1
183737,1
300500,1
321201,1
198500,1
1869624,1
519897,1
413234,1
228770,1
589338,1
161043,1
236879,1
472866,1
499546,1
631762,1
118629,1
223309,1
651318,1
676713,1
52367,1
193264,1
199746,1
139260,1
640115,1
161495,1
649325,1
1669348,1
1006287,1
121171,1
24761,1
1351436,1
601381,1
1220913,1
281790,1
751808,1
187866,1
80041,1
83651,1
212900,1
83680,1
365057,1
365048,1
114978,1
62959,1
61209,1
308054,1
117573,1
123084,1
167319,1
865440,1
60951,1
193224,1
223308,1
303186,1
409691,1
54145,1
844542,1
1210988,1
407038,1
414874,1
22513,1
588390,1
414935,1
1610594,1
1180658,1
114994,1
388962,1
609725,1
159966,1
271285,1
858651,1
225223,1
111268,1
676260,1
1453489,1
803326,1
1435422,1
80082,1
321202,1
416514,1
53788,-1
212848,-1
1174,-1
26223,-1
79078,-1
28456,-1
26461,-1
91788,-1
248444,-1
78820,-1
236736,-1
353522,-1
73678,-1
534858,-1
377251,-1
925279,-1
291736,-1
137296,-1
276156,-1
829012,-1
807552,-1
139937,-1
1285747,-1
19034,-1
55093,-1
1749815,-1
950639,-1
67898,-1
190719,-1
96524,-1
375230,-1
445120,-1
195629,-1
378704,-1
8804,-1
113566,-1
92643,-1
251883,-1
133295,-1
353507,-1
628777,-1
450292,-1
26450,-1
565442,-1
81346,-1
694586,-1
313787,-1
126648,-1
923565,-1
23321,-1
1186630,-1
132483,-1
86394,-1
71538,-1
1761255,-1
79097,-1
1432552,-1
109790,-1
776525,-1
103468,-1
628150,-1
715843,-1
765644,-1
78939,-1
78865,-1
339259,-1
361095,-1
170603,-1
52422,-1
29559,-1
98792,-1
62652,-1
186063,-1
133980,-1
8709,-1
130041,-1
405855,-1
353130,-1
90101,-1
235211,-1
154774,-1
49995,-1
665885,-1
16663,-1
61117,-1
709888,-1
894316,-1
654433,-1
259642,-1
111215,-1
371447,-1
309945,-1
33293,-1
587038,-1
163826,-1
274059,-1
236802,-1
871684,-1
1070245,-1
8561,-1
23276,-1
2358,-1
1666807,-1
1525376,-1
773274,-1
249648,-1
665284,-1
570251,-1
700770,-1
258061,-1
1471656,-1
1185911,-1
145610,-1
138152,-1
87505,-1
78850,-1
370426,-1
631227,-1
221333,-1
233489,-1
666684,-1
92604,-1
161948,-1
450298,-1
158509,-1
65825,-1
170580,-1
62478,-1
541096,-1
2142712,-1
214737,-1
202595,-1
1252512,-1
312785,-1
79168,-1
557030,-1
79595,-1
398769,-1
644546,-1
27484,-1
228703,-1
256920,-1
89311,-1
294770,-1
482641,-1
66332,-1
215914,-1
72448,-1
133279,-1
297161,-1
557873,-1
87449,-1
62504,-1
22519,-1
60171,-1
122863,-1
117842,-1
294802,-1
100058,-1
79011,-1
111146,-1
1522720,-1
280238,-1
519879,-1
421928,-1
125626,-1
855156,-1
290169,-1
296249,-1
253255,-1
278606,-1
293105,-1
509963,-1
557024,-1
1405288,-1
756990,-1
191687,-1
520208,-1
296761,-1
23346,-1
899857,-1
61045,-1
90203,-1
26202,-1
98629,-1
212839,-1
108710,-1
62769,-1
383893,-1
480347,-1
520460,-1
180218,-1
494129,-1
168956,-1
2444,-1
875990,-1
276388,-1
304273,-1
122781,-1
1198300,-1
407536,-1
975525,-1
1360779,-1
60553,-1
79228,-1
187082,-1
326311,-1
11067,-1
259634,-1
361645,-1
326713,-1
212841,-1
739549,-1
405620,-1
55088,-1
55090,-1
11094,-1
181342,-1
18363,-1
172747,-1
332794,-1
382113,-1
60466,-1
292264,-1
457992,-1
108761,-1
23837,-1
22000,-1
308020,-1
815666,-1
108980,-1
62390,-1
438823,-1
11075,-1
511342,-1
8493,-1
161038,-1
247439,-1
159678,-1
70901,-1
57482,-1
294954,-1
802953,-1
55102,-1
60212,-1
654612,-1
79069,-1
289352,-1
302956,-1
450296,-1
1072192,-1
125605,-1
440651,-1
158530,-1
140369,-1
22005,-1
249672,-1
187091,-1
62443,-1
568133,-1
400969,-1
1257484,-1
288510,-1
261673,-1
599626,-1
72381,-1
369387,-1
169114,-1
457258,-1
877866,-1
1366697,-1
885943,-1
472821,-1
79468,-1
154567,-1
1204266,-1
501998,-1
62401,-1
632245,-1
239709,-1
60406,-1
264644,-1
264634,-1
448294,-1
804234,-1
394692,-1
354381,-1
164818,-1
45986,-1
243588,-1
640589,-1
1525483,-1
78904,-1
117843,-1
151610,-1
151616,-1
151620,-1
23553,-1
196987,-1
68939,-1
162278,-1
108696,-1
23822,-1
294053,-1
573277,-1
97502,-1
117852,-1
117844,-1
565423,-1
354461,-1
457247,-1
835717,-1
193295,-1
23821,-1
273058,-1
282502,-1
414659,-1
114901,-1
117892,-1
2887,-1
651320,-1
53955,-1
525619,-1
571010,-1
62400,-1
217008,-1
78956,-1
60527,-1
160383,-1
322878,-1
1465661,-1
203202,-1
269664,-1
557776,-1
313892,-1
187093,-1
298443,-1
312696,-1
94699,-1
407879,-1
169110,-1
588032,-1
956709,-1
3286947,-1
887554,-1
735390,-1
299203,-1
344716,-1
154782,-1
632106,-1
139147,-1
108692,-1
441960,-1
79109,-1
1420155,-1
1097394,-1
353733,-1
419439,-1
13166,-1
1078021,-1
121431,-1
129076,-1
935016,-1
79040,-1
89910,-1
46916,-1
754751,-1
656443,-1
79230,-1
355724,-1
674465,-1
366391,-1
23820,-1
156882,-1
117896,-1
324541,-1
1123761,-1
922765,-1
8525,-1
29312,-1
78934,-1
106447,-1
92040,-1
117848,-1
117854,-1
51083,-1
125332,-1
245290,-1
149585,-1
54147,-1
660290,-1
52478,-1
52477,-1
145620,-1
308011,-1
300586,-1
288527,-1
217725,-1
141194,-1
79416,-1
33599,-1
133997,-1
943218,-1
160511,-1
35605,-1
17473,-1
127154,-1
106544,-1
158661,-1
458050,-1
114873,-1
78976,-1
346220,-1
352014,-1
544776,-1
28540,-1
545121,-1
60497,-1
158612,-1
472835,-1
79080,-1
266879,-1
243522,-1
17276,-1
531130,-1
138357,-1
236760,-1
366383,-1
294092,-1
322827,-1
300371,-1
1117182,-1
166571,-1
377283,-1
802003,-1
395274,-1
653693,-1
62726,-1
565469,-1
26274,-1
800226,-1
31005,-1
192278,-1
79316,-1
210184,-1
370316,-1
369430,-1
712387,-1
229992,-1
1340035,-1
505888,-1
1801864,-1
1541444,-1
1801852,-1
44363,-1
852505,-1
77264,-1
16820,-1
34452,-1
109750,-1
139713,-1
378048,-1
963887,-1
138581,-1
78972,-1
167065,-1
133994,-1
375169,-1
134121,-1
175100,-1
187085,-1
845202,-1
112448,-1
31779,-1
180363,-1
650039,-1
349280,-1
280136,-1
22263,-1
23638,-1
51094,-1
79262,-1
843483,-1
94732,-1
599800,-1
294794,-1
692327,-1
24622,-1
57710,-1
139697,-1
187094,-1
557027,-1
116746,-1
33816,-1
219433,-1
712430,-1
214081,-1
174123,-1
118920,-1
37909,-1
223173,-1
1197215,-1
303369,-1
644850,-1
943517,-1
98441,-1
487141,-1
1951909,-1
1815264,-1
379964,-1
398822,-1
278594,-1
721661,-1
223170,-1
33224,-1
1509726,-1
302243,-1
364103,-1
117548,-1
1580421,-1
573430,-1
229714,-1
79137,-1
231865,-1
151653,-1
174367,-1
80929,-1
82208,-1
122722,-1
96317,-1
382181,-1
1771,-1
175617,-1
18989,-1
196188,-1
507358,-1
90959,-1
58895,-1
697171,-1
219022,-1
1364307,-1
292043,-1
533467,-1
66288,-1
575639,-1
636797,-1
280682,-1
187092,-1
557032,-1
159486,-1
611063,-1
303043,-1
640567,-1
1067390,-1
355429,-1
163083,-1
79282,-1
679915,-1
1634788,-1
152910,-1
79042,-1
523509,-1
166908,-1
1860966,-1
91803,-1
62612,-1
757010,-1
742527,-1
524022,-1
62495,-1
2745639,-1
548840,-1
221453,-1
636383,-1
361073,-1
69967,-1
759495,-1
410741,-1
92906,-1
97231,-1
28981,-1
245298,-1
162791,-1
110084,-1
239313,-1
64716,-1
145186,-1
169238,-1
11998,-1
79834,-1
515812,-1
130559,-1
293137,-1
223096,-1
865291,-1
1116701,-1
227718,-1
348948,-1
16782,-1
132580,-1
294950,-1
1470883,-1
198470,-1
72328,-1
1862252,-1
480368,-1
297816,-1
236626,-1
398794,-1
292303,-1
481550,-1
413046,-1
8871,-1
247984,-1
190680,-1
796716,-1
1179583,-1
419642,-1
1336550,-1
249773,-1
320811,-1
276158,-1
2889075,-1
863194,-1
477668,-1
294101,-1
131482,-1
243685,-1
60435,-1
163698,-1
130234,-1
515004,-1
903261,-1
163964,-1
144731,-1
52291,-1
765579,-1
59308,-1
1041187,-1
158555,-1
778887,-1
86550,-1
676137,-1
160466,-1
271671,-1
546970,-1
570411,-1
94835,-1
322867,-1
370496,-1
29647,-1
97236,-1
31792,-1
163851,-1
49824,-1
273045,-1
274065,-1
256389,-1
17954,-1
558502,-1
173694,-1
19123,-1
50081,-1
58840,-1
109738,-1
221967,-1
247376,-1
114445,-1
64821,-1
319469,-1
149536,-1
103406,-1
57790,-1
99972,-1
79298,-1
711553,-1
108264,-1
611183,-1
236012,-1
33634,-1
634925,-1
60446,-1
350982,-1
79344,-1
442395,-1
168015,-1
313768,-1
349279,-1
39607,-1
1471496,-1
62628,-1
719936,-1
1132890,-1
100584,-1
79287,-1
1024720,-1
813164,-1
806781,-1
719569,-1
186065,-1
1157296,-1
23806,-1
1899134,-1
257167,-1
772713,-1
2068850,-1
1075065,-1
321179,-1
68309,-1
165982,-1
97646,-1
243520,-1
60668,-1
100340,-1
60684,-1
75305,-1
108716,-1
533350,-1
139246,-1
657716,-1
402777,-1
108719,-1
161412,-1
554405,-1
347242,-1
753260,-1
553059,-1
112058,-1
601466,-1
502392,-1
60547,-1
249670,-1
850561,-1
486699,-1
1073358,-1
133272,-1
354419,-1
1038349,-1
557022,-1
925259,-1
1518942,-1
196180,-1
256982,-1
991017,-1
996373,-1
283463,-1
781602,-1
307625,-1
797251,-1
278598,-1
79568,-1
490049,-1
181824,-1
502032,-1
472490,-1
955193,-1
257183,-1
254106,-1
484098,-1
509864,-1
1086182,-1
297446,-1
64846,-1
726539,-1
248929,-1
16902,-1
108717,-1
132585,-1
100330,-1
145660,-1
23294,-1
33614,-1
93426,-1
134053,-1
380164,-1
125718,-1
162284,-1
123024,-1
131575,-1
88634,-1
261607,-1
217735,-1
96307,-1
862600,-1
583408,-1
49775,-1
236445,-1
151766,-1
198421,-1
86445,-1
632306,-1
274068,-1
274069,-1
191379,-1
158594,-1
698083,-1
696302,-1
215514,-1
320813,-1
741463,-1
835718,-1
79463,-1
721775,-1
208401,-1
354517,-1
238889,-1
98437,-1
99968,-1
257074,-1
289406,-1
271284,-1
187780,-1
101960,-1
46028,-1
648284,-1
125663,-1
1068417,-1
370527,-1
57783,-1
45572,-1
65822,-1
607266,-1
60464,-1
23435,-1
99966,-1
307687,-1
1522814,-1
625812,-1
79415,-1
91978,-1
735618,-1
113658,-1
11419,-1
307581,-1
382264,-1
321409,-1
309960,-1
296272,-1
69946,-1
628299,-1
290168,-1
60439,-1
167078,-1
470859,-1
79330,-1
6636,-1
213417,-1
233467,-1
79715,-1
1121334,-1
509348,-1
108735,-1
394569,-1
844293,-1
57711,-1
883156,-1
294949,-1
34454,-1
112905,-1
587366,-1
33467,-1
133317,-1
158659,-1
299511,-1
33541,-1
308913,-1
163779,-1
1011017,-1
186629,-1
898798,-1
359169,-1
23567,-1
123014,-1
971917,-1
160468,-1
28132,-1
8672,-1
52294,-1
73413,-1
303176,-1
421120,-1
106795,-1
509986,-1
89313,-1
62590,-1
157884,-1
670593,-1
87486,-1
291706,-1
303370,-1
544862,-1
401846,-1
1009651,-1
214064,-1
1435267,-1
362653,-1
362655,-1
320458,-1
1662367,-1
856156,-1
344845,-1
158053,-1
656739,-1
1191447,-1
91981,-1
350699,-1
473471,-1
8558,-1
98636,-1
581091,-1
278582,-1
401931,-1
2217966,-1
343456,-1
79450,-1
196017,-1
137229,-1
23833,-1
53171,-1
410738,-1
713442,-1
713447,-1
459009,-1
713440,-1
182237,-1
91887,-1
554016,-1
377280,-1
672486,-1
2570727,-1
79511,-1
139256,-1
189638,-1
297238,-1
1932582,-1
308058,-1
6857,-1
55129,-1
106586,-1
111189,-1
60465,-1
128785,-1
6735,-1
258055,-1
300055,-1
271315,-1
138275,-1
144259,-1
153093,-1
213412,-1
608762,-1
8754,-1
271884,-1
1114168,-1
195967,-1
5193,-1
1108189,-1
149293,-1
738005,-1
502003,-1
243661,-1
62800,-1
290261,-1
92656,-1
264398,-1
680806,-1
51088,-1
457935,-1
612039,-1
170429,-1
115624,-1
1267608,-1
822076,-1
108968,-1
346492,-1
1825,-1
451766,-1
64118,-1
64838,-1
198019,-1
184789,-1
139826,-1
37963,-1
104915,-1
11848,-1
411023,-1
27453,-1
11842,-1
89346,-1
111752,-1
525842,-1
11838,-1
595301,-1
151882,-1
258053,-1
18133,-1
1327458,-1
357894,-1
289482,-1
181522,-1
1137711,-1
182231,-1
343463,-1
37996,-1
160953,-1
738445,-1
408174,-1
236437,-1
26360,-1
528059,-1
71153,-1
44200,-1
109848,-1
470927,-1
285937,-1
1738253,-1
611117,-1
8761,-1
96343,-1
218719,-1
517892,-1
62666,-1
294833,-1
2524575,-1
1801867,-1
345562,-1
176023,-1
46990,-1
98385,-1
524025,-1
746445,-1
307615,-1
830361,-1
304405,-1
911756,-1
115185,-1
153087,-1
141208,-1
304167,-1
757023,-1
1146976,-1
623419,-1
80112,-1
8544,-1
614696,-1
294814,-1
62651,-1
79579,-1
1015646,-1
79549,-1
212883,-1
229963,-1
822921,-1
251156,-1
628782,-1
91875,-1
64236,-1
46007,-1
1819799,-1
98513,-1
615280,-1
118289,-1
354850,-1
331735,-1
79590,-1
1077853,-1
470842,-1
75938,-1
162158,-1
304769,-1
121087,-1
390586,-1
1548995,-1
66331,-1
470852,-1
515554,-1
721568,-1
160538,-1
527996,-1
958984,-1
96528,-1
1108183,-1
44253,-1
481595,-1
64119,-1
313778,-1
239373,-1
23473,-1
660348,-1
6702,-1
544038,-1
104921,-1
1272351,-1
67604,-1
91951,-1
520373,-1
408177,-1
149233,-1
79585,-1
720214,-1
183005,-1
802211,-1
725082,-1
170611,-1
63047,-1
23812,-1
117901,-1
117902,-1
180402,-1
63150,-1
239394,-1
46977,-1
137339,-1
482874,-1
79489,-1
1225104,-1
389702,-1
60440,-1
686396,-1
11956,-1
412746,-1
60537,-1
902468,-1
289436,-1
457957,-1
130560,-1
595370,-1
357229,-1
180413,-1
724963,-1
368666,-1
283469,-1
378664,-1
264506,-1
394703,-1
991298,-1
540931,-1
410750,-1
70011,-1
132601,-1
83637,-1
1332,-1
66737,-1
290951,-1
22266,-1
62682,-1
187137,-1
79575,-1
285907,-1
87522,-1
719924,-1
86537,-1
442190,-1
1097398,-1
180431,-1
217722,-1
1393113,-1
358539,-1
298909,-1
92628,-1
1136426,-1
128186,-1
802234,-1
726866,-1
163810,-1
520449,-1
169142,-1
1333624,-1
720137,-1
573415,-1
79933,-1
491520,-1
587898,-1
79668,-1
963376,-1
506979,-1
307165,-1
205387,-1
138323,-1
60607,-1
291800,-1
344849,-1
410742,-1
91933,-1
58664,-1
294824,-1
34758,-1
96313,-1
866645,-1
822078,-1
759412,-1
53474,-1
1024219,-1
303004,-1
68160,-1
266881,-1
1393115,-1
1393116,-1
1393117,-1
295688,-1
457610,-1
899865,-1
637734,-1
778869,-1
58665,-1
588467,-1
253799,-1
364165,-1
90853,-1
502072,-1
414783,-1
802246,-1
702338,-1
442115,-1
1393118,-1
77299,-1
185822,-1
410746,-1
470867,-1
887868,-1
62925,-1
161432,-1
1066818,-1
62760,-1
759369,-1
99100,-1
183021,-1
183026,-1
203207,-1
837682,-1
1801873,-1
1074871,-1
1010455,-1
79712,-1
307612,-1
911792,-1
249887,-1
87589,-1
2274180,-1
291755,-1
856397,-1
132617,-1
78790,-1
136632,-1
338964,-1
339000,-1
442388,-1
470193,-1
154048,-1
139215,-1
834709,-1
586963,-1
987769,-1
783191,-1
461659,-1
1204739,-1
1048174,-1
1572435,-1
1808649,-1
1904801,-1
1924725,-1
1745811,-1
1978854,-1
2101531,-1
1642206,-1
2112566,-1
1152968,-1
209641,-1
683047,-1
553069,-1
676347,-1
996413,-1
1060674,-1
1433305,-1
1126141,-1
2357386,-1
2604976,-1
323771,-1
2631872,-1
361662,-1
2651730,-1
2050229,-1
684186,-1
2726095,-1
2646863,-1
629370,-1
159956,-1
1794653,-1
278651,-1
1825031,-1
1082163,-1
2584158,-1
2966544,-1
830310,-1
1268549,-1
2413870,-1
2919378,-1
1983794,-1
2761952,-1
782572,-1
1455185,-1
1514862,-1
472795,-1
952684,-1
364787,-1
830308,-1
356053,-1
1728469,-1
2290363,-1
2096113,-1
1992177,-1
2092591,-1
357907,-1
2443966,-1
903925,-1
1588874,-1
582248,-1
1256815,-1
1120116,-1
595139,-1
363585,-1
79012,-1
1880155,-1
4233930,-1
1729038,-1
156173,-1
2199262,-1
796632,-1
2980445,-1
1550102,-1
3477577,-1
485673,-1
2616096,-1
792853,-1
2442384,-1
3201199,-1
1561809,-1
204875,-1
4074746,-1
594741,-1
2756146,-1
1169891,-1
2829252,-1
595124,-1
1122509,-1
1285590,-1
573262,-1
1301256,-1
284757,-1
1082071,-1
4202321,-1
1009632,-1
1359796,-1
3560776,-1
890652,-1
1765381,-1
2517432,-1
3101753,-1
2695351,-1
4385854,-1
700354,-1
3678642,-1
2251703,-1
728597,-1
3194910,-1
712230,-1
657307,-1
927949,-1
1218376,-1
156499,-1
247316,-1
366320,-1
485674,-1
608500,-1
159672,-1
891819,-1
895624,-1
382088,-1
1099503,-1
845192,-1
1137280,-1
1200463,-1
1246317,-1
1321493,-1
568032,-1
1486566,-1
495915,-1
274061,-1
1528095,-1
1905231,-1
1963678,-1
1364029,-1
1470644,-1
152098,-1
2382189,-1
1948240,-1
1184077,-1
915839,-1
1418577,-1
271331,-1
2805889,-1
2912406,-1
1669952,-1
2053895,-1
865893,-1
138535,-1
2050728,-1
590750,-1
2205114,-1
674814,-1
78930,-1
909462,-1
2897186,-1
2155252,-1
1378618,-1
1892288,-1
354411,-1
122855,-1
1338633,-1
2615614,-1
357103,-1
862611,-1
2113964,-1
683199,-1
642395,-1
1266649,-1
713300,-1
2311956,-1
218987,-1
821705,-1
742965,-1
2571081,-1
2283441,-1
2484722,-1
2837748,-1
2112739,-1
2112744,-1
2677073,-1
3268499,-1
2742153,-1
167061,-1
329459,-1
3588697,-1
1883996,-1
3302003,-1
1480013,-1
2765412,-1
452143,-1
124983,-1
1576714,-1
1918060,-1
329522,-1
1704039,-1
4876048,-1
3407926,-1
1424295,-1
739503,-1
1025003,-1
1914548,-1
2168660,-1
1742706,-1
1794673,-1
123062,-1
2061529,-1
1900137,-1
3322596,-1
549627,-1
1345482,-1
1500941,-1
4462960,-1
3020107,-1
284097,-1
567490,-1
1078313,-1
870158,-1
382098,-1
441935,-1
841271,-1
882080,-1
553664,-1
271336,-1
1113973,-1
903246,-1
98514,-1
1266612,-1
898791,-1
1402122,-1
1488758,-1
647318,-1
1320919,-1
1499734,-1
540394,-1
1704303,-1
890695,-1
1334212,-1
1850375,-1
655112,-1
2180375,-1
372490,-1
1087580,-1
58228,-1
2679186,-1
1200052,-1
2813953,-1
2908113,-1
819546,-1
2940396,-1
1939808,-1
2226498,-1
268736,-1
1898981,-1
3027706,-1
2165125,-1
2434631,-1
1285542,-1
1625340,-1
2960482,-1
1743062,-1
2717584,-1
3644173,-1
2091304,-1
920368,-1
941551,-1
3188562,-1
350870,-1
80388,-1
3138013,-1
78914,-1
285754,-1
3619981,-1
3650977,-1
1039403,-1
1635568,-1
1802658,-1
1120129,-1
1888126,-1
2348884,-1
4512672,-1
1842417,-1
1796557,-1
2939475,-1
5321747,-1
1608841,-1
936392,-1
4511343,-1
814116,-1
873499,-1
516600,-1
2078049,-1
728609,-1
3040238,-1
166419,-1
79700,-1
724015,-1
247554,-1
528224,-1
4910465,-1
822094,-1
1394619,-1
1053625,-1
370503,-1
64945,-1
1402266,-1
1030529,-1
1457458,-1
2610593,-1
1826683,-1
2298252,-1
79698,-1
79083,-1
106737,-1
1123669,-1
933841,-1
2312643,-1
2098087,-1
1269244,-1
52447,-1
190656,-1
361344,-1
174158,-1
382120,-1
690080,-1
819061,-1
877595,-1
1140494,-1
441559,-1
1165642,-1
1247072,-1
1266670,-1
947029,-1
384004,-1
81111,-1
1916374,-1
1849859,-1
243587,-1
2155299,-1
1966109,-1
745780,-1
852081,-1
1862656,-1
2606112,-1
2090734,-1
929134,-1
633848,-1
593524,-1
3136956,-1
3295777,-1
1320752,-1
777709,-1
1295350,-1
1685540,-1
34756,-1
842647,-1
2887838,-1
1394526,-1
3641430,-1
340400,-1
370548,-1
892982,-1
1120428,-1
4093993,-1
1860698,-1
457371,-1
2334402,-1
1794915,-1
2855976,-1
2941456,-1
537736,-1
1491882,-1
1596105,-1
611178,-1
1582740,-1
2198194,-1
111260,-1
598742,-1
1733398,-1
3570830,-1
2058716,-1
3506531,-1
677396,-1
2966496,-1
1390119,-1
1797556,-1
1105245,-1
1359266,-1
1175471,-1
312794,-1
978682,-1
2283793,-1
688680,-1
679889,-1
1780935,-1
5556643,-1
1185334,-1
3168717,-1
592770,-1
1458321,-1
246230,-1
2906215,-1
2340287,-1
4078361,-1
1898835,-1
1823860,-1
3029486,-1
967925,-1
2281263,-1
729129,-1
419599,-1
1711687,-1
482689,-1
538637,-1
649147,-1
326353,-1
781235,-1
891900,-1
142399,-1
278513,-1
959178,-1
1100014,-1
1595723,-1
654940,-1
1454699,-1
1663181,-1
1750984,-1
1751399,-1
1862450,-1
169166,-1
2076034,-1
1595509,-1
728228,-1
1292435,-1
2221727,-1
575538,-1
2552945,-1
1670134,-1
141717,-1
1892182,-1
3287082,-1
3337050,-1
3302305,-1
417648,-1
2213179,-1
507633,-1
465567,-1
1737870,-1
1670110,-1
2130596,-1
3760741,-1
828390,-1
326750,-1
1395362,-1
2637535,-1
2480813,-1
1307773,-1
1312035,-1
2180636,-1
1209463,-1
132239,-1
1547333,-1
2824023,-1
1002983,-1
100370,-1
155305,-1
1662301,-1
150435,-1
1191862,-1
631662,-1
57361,-1
610252,-1
1983201,-1
3436687,-1
1128978,-1
1505718,-1
438212,-1
2231236,-1
79274,-1
1917531,-1
741721,-1
1986800,-1
1850832,-1
361622,-1
867488,-1
1245599,-1
2690068,-1
4413922,-1
1719800,-1
3833649,-1
1962124,-1
583933,-1
1377203,-1
2175936,-1
2530455,-1
2416402,-1
738092,-1
1633568,-1
78945,-1
41209,-1
296615,-1
330904,-1
608578,-1
612852,-1
71118,-1
188050,-1
1137197,-1
1032097,-1
377264,-1
1454232,-1
1631545,-1
271932,-1
1200563,-1
317138,-1
495123,-1
738362,-1
2098713,-1
1621645,-1
2566847,-1
736489,-1
2290626,-1
2793200,-1
2038220,-1
684758,-1
2069048,-1
3162637,-1
137389,-1
3261037,-1
1219565,-1
1502619,-1
841852,-1
1343881,-1
392296,-1
735384,-1
705454,-1
677183,-1
2531000,-1
151973,-1
2615455,-1
1182345,-1
4019051,-1
2483696,-1
1857127,-1
1491807,-1
746430,-1
2418573,-1
2238463,-1
887053,-1
752752,-1
2818070,-1
1273628,-1
452140,-1
855772,-1
481626,-1
2549922,-1
797799,-1
709371,-1
3261349,-1
2557016,-1
1936465,-1
1482244,-1
1077368,-1
493024,-1
2263953,-1
2642929,-1
340851,-1
2339781,-1
1945042,-1
947902,-1
766671,-1
1414221,-1
1718931,-1
3736674,-1
1019336,-1
4461119,-1
2549171,-1
3733295,-1
3170509,-1
600198,-1
1191305,-1
783268,-1
669049,-1
841776,-1
826583,-1
297163,-1
382177,-1
296353,-1
562239,-1
99036,-1
626860,-1
654343,-1
1012226,-1
388920,-1
1431784,-1
865025,-1
1847002,-1
608969,-1
562242,-1
413294,-1
1475034,-1
1886747,-1
223394,-1
370573,-1
392621,-1
577327,-1
1105009,-1
916074,-1
266277,-1
3045343,-1
3098693,-1
2030365,-1
1029366,-1
364692,-1
929797,-1
614385,-1
2640890,-1
2893008,-1
258818,-1
2656699,-1
1696372,-1
1803593,-1
805058,-1
1612786,-1
383885,-1
217810,-1
1737861,-1
507613,-1
2536397,-1
1376733,-1
106709,-1
3121054,-1
1398800,-1
447836,-1
2938151,-1
3059821,-1
932839,-1
1899272,-1
3038640,-1
138413,-1
2989899,-1
2700008,-1
296416,-1
197366,-1
589130,-1
3868432,-1
2155748,-1
2426078,-1
3165858,-1
1916451,-1
79041,-1
3700534,-1
4075172,-1
1069077,-1
1921103,-1
104334,-1
3301974,-1
1506371,-1
1351445,-1
912037,-1
3934923,-1
79167,-1
2179210,-1
1754721,-1
332909,-1
1876774,-1
1918825,-1
4486746,-1
365360,-1
205742,-1
252943,-1
305374,-1
217805,-1
1482533,-1
915023,-1
884546,-1
679887,-1
392187,-1
911462,-1
1310994,-1
1719781,-1
2902453,-1
182918,-1
1568563,-1
778600,-1
143725,-1
693466,-1
229170,-1
1922147,-1
3455333,-1
837663,-1
2529953,-1
1802125,-1
2509545,-1
3809809,-1
453910,-1
1499120,-1
243653,-1
2618510,-1
79065,-1
2312692,-1
486129,-1
3954782,-1
2971080,-1
559388,-1
1951904,-1
1313808,-1
1612416,-1
79366,-1
1976267,-1
1287880,-1
3695028,-1
958319,-1
2107013,-1
875641,-1
773275,-1
142480,-1
884212,-1
1207057,-1
442814,-1
135668,-1
2080393,-1
1842679,-1
2980177,-1
3541140,-1
3802193,-1
911627,-1
2796233,-1
354518,-1
574673,-1
2064681,-1
187800,-1
3277413,-1
1737458,-1
1178123,-1
4131337,-1
652556,-1
942106,-1
3295045,-1
455062,-1
1964773,-1
737165,-1
780620,-1
339527,-1
369157,-1
1018684,-1
1267058,-1
1288412,-1
1364121,-1
657214,-1
1556951,-1
1120928,-1
1485448,-1
1650881,-1
992272,-1
1908972,-1
378999,-1
1925119,-1
816437,-1
958138,-1
1123764,-1
347823,-1
2475175,-1
593365,-1
1401306,-1
2704368,-1
1561554,-1
187720,-1
1125873,-1
1790277,-1
363719,-1
2361326,-1
1692384,-1
1580963,-1
1001002,-1
410303,-1
365283,-1
3640813,-1
3145814,-1
697754,-1
3421166,-1
2093589,-1
502141,-1
280108,-1
347108,-1
4018675,-1
1237212,-1
480228,-1
1670124,-1
1589038,-1
135171,-1
997003,-1
619534,-1
567307,-1
3785251,-1
3005167,-1
3300260,-1
1100086,-1
1072285,-1
1804202,-1
3132614,-1
1257566,-1
1462239,-1
3584772,-1
901133,-1
3060007,-1
1596115,-1
60939,-1
2082051,-1
250660,-1
2133868,-1
2378986,-1
1588362,-1
3024886,-1
1823832,-1
1009714,-1
102361,-1
2245645,-1
1664125,-1
4455964,-1
79098,-1
418413,-1
357081,-1
490835,-1
248967,-1
509980,-1
668339,-1
684272,-1
696818,-1
738507,-1
519308,-1
1059237,-1
942199,-1
1097207,-1
1113717,-1
1253290,-1
1375708,-1
207577,-1
1703863,-1
1257588,-1
195751,-1
325856,-1
1906834,-1
1199466,-1
1019791,-1
2667208,-1
100658,-1
1709838,-1
1741487,-1
3150904,-1
1630951,-1
69259,-1
1589023,-1
657731,-1
2246012,-1
1211724,-1
1389899,-1
3149236,-1
2918675,-1
655556,-1
1020187,-1
2640352,-1
412953,-1
3276404,-1
930279,-1
2078131,-1
293154,-1
310019,-1
1181680,-1
1075993,-1
1907025,-1
133382,-1
1490618,-1
873483,-1
379793,-1
3042921,-1
2434015,-1
3763295,-1
2693205,-1
923411,-1
928302,-1
3044722,-1
79152,-1
212861,-1
567295,-1
195746,-1
796710,-1
695941,-1
951253,-1
999758,-1
802214,-1
1335472,-1
332784,-1
1490726,-1
1733303,-1
598794,-1
1086193,-1
1114828,-1
828700,-1
2008692,-1
546968,-1
2224002,-1
2240061,-1
1279472,-1
79190,-1
1965410,-1
2392595,-1
2523170,-1
470084,-1
2551722,-1
1984381,-1
2462303,-1
2708213,-1
145200,-1
1165009,-1
979102,-1
2012856,-1
3025854,-1
80171,-1
169992,-1
135202,-1
6825,-1
2510774,-1
1293459,-1
61054,-1
1395066,-1
152116,-1
3801692,-1
2902902,-1
4027020,-1
490898,-1
2700009,-1
181563,-1
1910936,-1
1501127,-1
1415549,-1
565737,-1
1234337,-1
1772041,-1
2758281,-1
295116,-1
1326611,-1
3149188,-1
378060,-1
2128401,-1
2220737,-1
142436,-1
2677196,-1
1560930,-1
1268315,-1
382586,-1
292416,-1
2188368,-1
587014,-1
1012573,-1
1086062,-1
1001968,-1
735821,-1
4703686,-1
1915850,-1
1189730,-1
1782177,-1
2121144,-1
419864,-1
870198,-1
2782473,-1
238200,-1
836874,-1
525482,-1
1825441,-1
596457,-1
3064698,-1
2254922,-1
2491366,-1
117565,-1
544651,-1
1584384,-1
971415,-1
1378624,-1
505375,-1
43483,-1
333947,-1
465862,-1
834397,-1
418399,-1
159942,-1
1360686,-1
525011,-1
634854,-1
130550,-1
229283,-1
853348,-1
706998,-1
489585,-1
2224802,-1
1952059,-1
707798,-1
1066534,-1
328345,-1
2676257,-1
2834085,-1
680276,-1
2982786,-1
2173701,-1
258815,-1
576657,-1
2168362,-1
1709762,-1
373722,-1
2727776,-1
1060550,-1
130114,-1
2084069,-1
804398,-1
4314188,-1
518362,-1
2649478,-1
3502029,-1
2848855,-1
2146043,-1
416679,-1
2813982,-1
1184256,-1
1292057,-1
308857,-1
349720,-1
649548,-1
2667858,-1
784192,-1
2717533,-1
392170,-1
413350,-1
207667,-1
842840,-1
2253398,-1
211673,-1
741487,-1
1553064,-1
2192790,-1
1493782,-1
1476046,-1
697677,-1
1954506,-1
2735319,-1
442114,-1
1858031,-1
3751263,-1
79232,-1
308866,-1
372085,-1
414701,-1
670917,-1
1276355,-1
154783,-1
720755,-1
1580162,-1
503146,-1
518491,-1
852122,-1
1139388,-1
2133816,-1
228475,-1
51815,-1
2742146,-1
1299868,-1
2945211,-1
588356,-1
1929042,-1
3045754,-1
1892411,-1
2147132,-1
1892414,-1
907126,-1
486354,-1
1367945,-1
2949061,-1
1166659,-1
152194,-1
1532895,-1
761622,-1
1498733,-1
1657421,-1
587731,-1
835781,-1
3554033,-1
588002,-1
782932,-1
2903812,-1
2294251,-1
2638902,-1
2174138,-1
4089782,-1
1462761,-1
1551954,-1
3075736,-1
1815301,-1
786056,-1
823088,-1
485728,-1
940397,-1
148726,-1
2145944,-1
538732,-1
2558665,-1
4096526,-1
496484,-1
2552405,-1
3085327,-1
627676,-1
1245597,-1
900346,-1
402695,-1
1779675,-1
3369795,-1
156572,-1
1390612,-1
180760,-1
299405,-1
591144,-1
603084,-1
930625,-1
515667,-1
1206125,-1
1213449,-1
1050046,-1
373723,-1
282565,-1
482900,-1
1580169,-1
1401771,-1
1506394,-1
1921794,-1
1474946,-1
1974987,-1
2255773,-1
2620784,-1
1345506,-1
2647030,-1
1889685,-1
1247160,-1
278592,-1
1239164,-1
249695,-1
3218642,-1
1039504,-1
1780608,-1
1074886,-1
947211,-1
1895847,-1
1737873,-1
1789910,-1
1521552,-1
4452188,-1
348476,-1
133899,-1
565848,-1
394198,-1
1903265,-1
1534613,-1
1779799,-1
58310,-1
1190461,-1
3182965,-1
2054190,-1
3106739,-1
79355,-1
3971554,-1
1433138,-1
1752670,-1
826560,-1
2281027,-1
2276626,-1
331970,-1
361416,-1
4774638,-1
890837,-1
779368,-1
307249,-1
371343,-1
406999,-1
414709,-1
669043,-1
841850,-1
853354,-1
399696,-1
1199746,-1
1279474,-1
310018,-1
557956,-1
452117,-1
557960,-1
1066588,-1
720210,-1
1719475,-1
2121584,-1
478237,-1
588733,-1
2177425,-1
354576,-1
565146,-1
2628557,-1
314675,-1
268941,-1
2112814,-1
1892403,-1
348957,-1
1156524,-1
3223626,-1
3263961,-1
2887574,-1
1761323,-1
3982070,-1
1792768,-1
1426949,-1
1937529,-1
777056,-1
1070374,-1
565435,-1
545401,-1
584084,-1
2126758,-1
354445,-1
1077932,-1
121091,-1
830369,-1
309982,-1
969460,-1
138308,-1
2079943,-1
356629,-1
3210692,-1
4258465,-1
532244,-1
787182,-1
1485458,-1
2214765,-1
1625486,-1
76761,-1
5541053,-1
1806592,-1
947590,-1
4793290,-1
2752762,-1
208035,-1
76675,-1
304901,-1
430411,-1
1029088,-1
299626,-1
1281382,-1
447933,-1
1380544,-1
294125,-1
1804640,-1
924150,-1
393674,-1
928877,-1
1910196,-1
2485441,-1
1534928,-1
312834,-1
2643486,-1
2062621,-1
2632031,-1
1667062,-1
967215,-1
3290763,-1
1840021,-1
484147,-1
1449848,-1
2754592,-1
2084705,-1
528241,-1
1450326,-1
711812,-1
921498,-1
2751958,-1
2529942,-1
1561923,-1
430185,-1
1801865,-1
2902951,-1
4524644,-1
1250067,-1
1618945,-1
1281213,-1
558525,-1
720220,-1
528756,-1
1509967,-1
2794294,-1
382309,-1
483022,-1
502034,-1
115611,-1
945044,-1
989686,-1
864104,-1
125353,-1
375204,-1
1249010,-1
1840780,-1
1762311,-1
596635,-1
2053251,-1
1090085,-1
2842073,-1
152171,-1
1754706,-1
922145,-1
1532514,-1
1921886,-1
3169798,-1
780885,-1
871452,-1
1646480,-1
2854270,-1
83274,-1
1696456,-1
1441229,-1
1412214,-1
145662,-1
3170757,-1
1397195,-1
928915,-1
497703,-1
3410226,-1
1590569,-1
652781,-1
344848,-1
173591,-1
619438,-1
1726656,-1
173608,-1
1537770,-1
2829510,-1
5418652,-1
3924514,-1
3950789,-1
3621998,-1
1796560,-1
475954,-1
2328876,-1
1616699,-1
412208,-1
623467,-1
1985113,-1
4195098,-1
759344,-1
590740,-1
377777,-1
619347,-1
1136535,-1
217826,-1
2119601,-1
1652861,-1
589423,-1
2133225,-1
1530742,-1
1438624,-1
3868533,-1
2090945,-1
2272116,-1
1060698,-1
254385,-1
3259446,-1
4702740,-1
2544346,-1
3928236,-1
575282,-1
2861746,-1
1019788,-1
90887,-1
1630852,-1
3494027,-1
2572660,-1
3790154,-1
1004200,-1
3909358,-1
79422,-1
395469,-1
414735,-1
520338,-1
587362,-1
138307,-1
724961,-1
90875,-1
249307,-1
937990,-1
79460,-1
219043,-1
511405,-1
791120,-1
418986,-1
430172,-1
821094,-1
169156,-1
178885,-1
520356,-1
2210237,-1
188162,-1
593088,-1
2184822,-1
544844,-1
2560659,-1
180437,-1
289156,-1
115613,-1
3132624,-1
3261550,-1
588220,-1
370654,-1
1625012,-1
3337023,-1
710817,-1
842746,-1
1260341,-1
58258,-1
3515811,-1
1351447,-1
1748706,-1
1795295,-1
344847,-1
4171796,-1
288711,-1
542020,-1
1289002,-1
258886,-1
2022447,-1
1390043,-1
25365,-1
5383411,-1
848834,-1
1176783,-1
2381753,-1
510002,-1
113614,-1
6830247,-1
470843,-1
162169,-1
1072193,-1
1120882,-1
686704,-1
1641549,-1
1662363,-1
61299,-1
913493,-1
1669297,-1
1835453,-1
61070,-1
51109,-1
2582274,-1
1049337,-1
79470,-1
390037,-1
1350481,-1
1636879,-1
3696097,-1
365062,-1
291734,-1
360512,-1
755343,-1
503353,-1
648303,-1
700289,-1
24735,-1
1011058,-1
1789195,-1
1937135,-1
110068,-1
1935842,-1
1641308,-1
2687012,-1
3307301,-1
1032103,-1
3366650,-1
2695234,-1
2023652,-1
296642,-1
404436,-1
635741,-1
780624,-1
929907,-1
1449843,-1
109866,-1
613045,-1
944492,-1
2012870,-1
2078088,-1
482881,-1
113616,-1
248952,-1
555610,-1
484423,-1
2914356,-1
670930,-1
229322,-1
598110,-1
3498040,-1
90323,-1
304565,-1
470380,-1
2629574,-1
2454753,-1
1287764,-1
174138,-1
662946,-1
831224,-1
1024429,-1
573422,-1
2080341,-1
2145940,-1
4218452,-1
1801872,-1
182297,-1
2006916,-1
121162,-1
538693,-1
720138,-1
1221133,-1
1268208,-1
2741937,-1
410743,-1
549450,-1
615644,-1
174390,-1
775755,-1
80625,-1
1320050,-1
1127850,-1
866688,-1
679911,-1
46759,-1
941506,-1
791448,-1
191567,-1
986451,-1
975713,-1
762476,-1
784743,-1
487503,-1
1532004,-1
2856884,-1
2894606,-1
1681551,-1
3299399,-1
2653310,-1
662095,-1
791065,-1
2383241,-1
2769857,-1
1019307,-1
2548543,-1
2121344,-1
979545,-1
304800,-1
588144,-1
253355,-1
887978,-1
1650432,-1
526052,-1
2691104,-1
1489218,-1
1613152,-1
962776,-1
447601,-1
741485,-1
787137,-1
1756211,-1
341597,-1
2287879,-1
412955,-1
522340,-1
746366,-1
470868,-1
804756,-1
697817,-1
924136,-1
1074608,-1
1268196,-1
403945,-1
1372357,-1
424478,-1
1285613,-1
163951,-1
1107386,-1
1433120,-1
79592,-1
2036454,-1
23461,-1
296687,-1
843037,-1
2482959,-1
114691,-1
3411463,-1
1662701,-1
481622,-1
548848,-1
1231495,-1
138765,-1
159186,-1
1827956,-1
247600,-1
1693658,-1
79662,-1
1233522,-1
872164,-1
244093,-1
519637,-1
2829001,-1
79895,-1
2078570,-1
984768,-1
257150,-1
3618295,-1
223208,-1
1416141,-1
958753,-1
3345123,-1
249368,-1
608882,-1
655459,-1
294985,-1
297216,-1
371377,-1
1268280,-1
1149164,-1
1417373,-1
503145,-1
1301398,-1
574734,-1
114534,-1
728346,-1
2003144,-1
2138686,-1
87698,-1
1196507,-1
79982,-1
829382,-1
177697,-1
1681921,-1
491538,-1
788393,-1
271337,-1
3075730,-1
1419571,-1
834296,-1
658608,-1
1053601,-1
1279460,-1
1989058,-1
1478422,-1
354483,-1
726285,-1
80514,-1
1741128,-1
531864,-1
2807304,-1
2066421,-1
722604,-1
4540158,-1
842391,-1
701896,-1
3558972,-1
2935321,-1
588183,-1
1799869,-1
1579388,-1
3310603,-1
505337,-1
502498,-1
3027753,-1
844217,-1
1191175,-1
1268393,-1
1383675,-1
674533,-1
280155,-1
1657449,-1
1280879,-1
161012,-1
125680,-1
138673,-1
2813088,-1
1801874,-1
986753,-1
558860,-1
3322089,-1
1626048,-1
486414,-1
20036,-1
1616181,-1
676509,-1
1099905,-1
1209056,-1
473421,-1
631816,-1
1052367,-1
3098088,-1
648244,-1
1885197,-1
2186898,-1
354522,-1
761646,-1
911078,-1
866584,-1
419090,-1
138670,-1
1097400,-1
1428639,-1
1430110,-1
1749884,-1
518381,-1
1883667,-1
1351446,-1
2292322,-1
303189,-1
842698,-1
460792,-1
248210,-1
180562,-1
1304868,-1
91519,-1
2882532,-1
73965,-1
227838,-1
63007,-1
829672,-1
255604,-1
1471836,-1
1642224,-1
2876762,-1
1439805,-1
1364462,-1
3466838,-1
883511,-1
1801886,-1
784754,-1
491560,-1
58325,-1
1316923,-1
495514,-1
847873,-1
3563302,-1
1875005,-1
3011720,-1
438989,-1
1108341,-1
1567086,-1
641742,-1
911642,-1
171951,-1
1024259,-1
601534,-1
1785502,-1
1099912,-1
1131976,-1
2623606,-1
294832,-1
297646,-1
1720120,-1
887963,-1
3287333,-1
1204743,-1
1338745,-1
1166639,-1
503166,-1
2522326,-1
3687022,-1
782986,-1
2637560,-1
60938,-1
1693022,-1
2319260,-1
2318247,-1
1664848,-1
1032791,-1
657180,-1
90918,-1
473608,-1
2201869,-1
378162,-1
2557932,-1
83461,-1
360505,-1
826605,-1
166299,-1
2141820,-1
1320721,-1
404471,-1
288673,-1
92777,-1
482974,-1
188713,-1
533147,-1
943725,-1
288678,-1
526231,-1
611132,-1
1154014,-1
303190,-1
1617068,-1
565723,-1
1745682,-1
392624,-1
1797910,-1
1636573,-1
676541,-1
243825,-1
2078881,-1
2112894,-1
1301393,-1
1152295,-1
2877562,-1
3075731,-1
348675,-1
655876,-1
233356,-1
2217634,-1
1748132,-1
764193,-1
310451,-1
1194881,-1
2539398,-1
4339422,-1
3906055,-1
627677,-1
894329,-1
1345031,-1
3795644,-1
593099,-1
2080559,-1
1066947,-1
458852,-1
1019949,-1
865077,-1
98450,-1
236295,-1
448298,-1
249764,-1
656479,-1
1099933,-1
1108308,-1
1341000,-1
1557548,-1
621685,-1
1797553,-1
1140383,-1
558862,-1
1445002,-1
588979,-1
1738174,-1
2387743,-1
502300,-1
1924641,-1
1273692,-1
1306239,-1
583448,-1
534150,-1
3706623,-1
1842412,-1
938130,-1
1144185,-1
1400099,-1
876524,-1
3492588,-1
4194262,-1
1461213,-1
790508,-1
284313,-1
1053097,-1
1915895,-1
656824,-1
588235,-1
1329469,-1
1617001,-1
1051136,-1
1144417,-1
2577541,-1
2717547,-1
4422181,-1
79870,-1
79878,-1
186609,-1
247473,-1
712239,-1
822057,-1
409178,-1
962686,-1
1229053,-1
1418498,-1
1537609,-1
61278,-1
255858,-1
1827110,-1
601339,-1
1128861,-1
842650,-1
442345,-1
103547,-1
1552932,-1
915383,-1
588138,-1
1921044,-1
4650532,-1
54025,-1
3149227,-1
2310333,-1
1563242,-1
4933314,-1
619473,-1
896644,-1
2216597,-1
23546,-1
922758,-1
1019217,-1
1019234,-1
1268949,-1
1158483,-1
802628,-1
1458671,-1
1734484,-1
452072,-1
2079235,-1
2216594,-1
123010,-1
2363089,-1
1229039,-1
2407904,-1
33835,-1
412231,-1
2862818,-1
2180718,-1
3292543,-1
283311,-1
2079427,-1
1116188,-1
666695,-1
80004,-1
2287497,-1
156403,-1
170404,-1
2301239,-1
1815309,-1
243951,-1
589069,-1
984812,-1
484980,-1
534184,-1
360520,-1
3407246,-1
413872,-1
6829225,-1
2001694,-1
272674,-1
829366,-1
718812,-1
92714,-1
126042,-1
1016351,-1
1658351,-1
216904,-1
2022018,-1
664354,-1
980232,-1
1325954,-1
114982,-1
588382,-1
123032,-1
704390,-1
80593,-1
270939,-1
228914,-1
931857,-1
1289030,-1
1440560,-1
2059011,-1
702814,-1
1211188,-1
3859368,-1
3563790,-1
2173485,-1
1229122,-1
303081,-1
1313801,-1
412348,-1
1313029,-1
223315,-1
632280,-1
244129,-1
737023,-1
212912,-1
1080980,-1
835684,-1
726870,-1
134032,-1
398379,-1
2167277,-1
1866444,-1
588384,-1
2616005,-1
461824,-1
510040,-1
80638,-1
100097,-1
1767934,-1
80072,-1
1171720,-1
365061,-1
1464240,-1
2952837,-1
414818,-1
1786531,-1
80336,-1
169951,-1
1767723,-1
3631467,-1
636592,-1
92037,-1
245345,-1
107045,-1
149576,-1
111266,-1
90929,-1
34755,-1
1778,-1
445079,-1
718180,-1
60989,-1
371452,-1
217829,-1
484393,-1
298574,-1
283318,-1
457840,-1
1186692,-1
553649,-1
497386,-1
1412516,-1
1050098,-1
1440940,-1
181868,-1
248274,-1
285329,-1
13374,-1
959858,-1
1532020,-1
786184,-1
196706,-1
607709,-1
2374657,-1
621741,-1
507481,-1
633198,-1
906475,-1
285328,-1
963314,-1
925706,-1
1122783,-1
356048,-1
6906,-1
553661,-1
3287350,-1
1484478,-1
93519,-1
80349,-1
3755766,-1
213414,-1
3144850,-1
1478161,-1
125360,-1
80610,-1
296697,-1
92771,-1
1495180,-1
291796,-1
4061415,-1
1942381,-1
941590,-1
1192290,-1
3880151,-1
2099541,-1
80134,-1
588816,-1
328250,-1
412531,-1
11879,-1
26471,-1
127157,-1
134003,-1
135648,-1
83583,-1
247131,-1
84982,-1
175128,-1
125349,-1
34766,-1
281235,-1
269900,-1
51101,-1
259844,-1
918094,-1
114547,-1
121353,-1
1405313,-1
159952,-1
169136,-1
1641470,-1
874491,-1
115654,-1
1116187,-1
83649,-1
205435,-1
420026,-1
2079408,-1
2098845,-1
884538,-1
223328,-1
2189883,-1
2132671,-1
356739,-1
356741,-1
919174,-1
1053620,-1
328235,-1
321996,-1
486409,-1
228923,-1
852495,-1
688400,-1
3269716,-1
502308,-1
80383,-1
558000,-1
104521,-1
1860327,-1
135566,-1
80156,-1
1915907,-1
553130,-1
710154,-1
588541,-1
80207,-1
360013,-1
2758282,-1
2038543,-1
2894625,-1
1613,-1
515147,-1
1219729,-1
791097,-1
936322,-1
365435,-1
34740,-1
2201666,-1
1917093,-1
234294,-1
310344,-1
52489,-1
458087,-1
118633,-1
60909,-1
123048,-1
92775,-1
803327,-1
287748,-1
303187,-1
309293,-1
693431,-1
375309,-1
659049,-1
281811,-1
368355,-1
378947,-1
1082628,-1
170402,-1
1779,-1
397712,-1
589009,-1
627945,-1
1528060,-1
214215,-1
357045,-1
1158648,-1
100677,-1
1771532,-1
853615,-1
23593,-1
662971,-1
1886530,-1
493469,-1
1004074,-1
984838,-1
443305,-1
557108,-1
1567026,-1
2564599,-1
356740,-1
66795,-1
134033,-1
3075740,-1
1433119,-1
778143,-1
655484,-1
109889,-1
77363,-1
109883,-1
3976804,-1
1854795,-1
979087,-1
65882,-1
1502354,-1
3076641,-1
271324,-1
98525,-1
679542,-1
63012,-1
1343882,-1
19962,-1
258131,-1
2356710,-1
1485611,-1
2739470,-1
80583,-1
314739,-1
3168341,-1
966243,-1
1432409,-1
80211,-1
92038,-1
98502,-1
70155,-1
34751,-1
346963,-1
98689,-1
223301,-1
181853,-1
616574,-1
61226,-1
458088,-1
219431,-1
835685,-1
1082261,-1
1117961,-1
249206,-1
1306214,-1
1431857,-1
324968,-1
266914,-1
677584,-1
33823,-1
510588,-1
1614,-1
169139,-1
1948289,-1
1628449,-1
694766,-1
80373,-1
1016334,-1
520598,-1
272766,-1
2399400,-1
392833,-1
762218,-1
503136,-1
3194380,-1
739816,-1
2120329,-1
1785411,-1
899871,-1
1713272,-1
1039522,-1
911470,-1
2700015,-1
1495175,-1
1475629,-1
1394797,-1
1881498,-1
1014894,-1
738378,-1
1919729,-1
2173477,-1
5299142,-1
217820,-1
1726706,-1
80303,-1
1412218,-1
80435,-1
1487044,-1
281815,-1
271348,-1
348674,-1
24776,-1
80264,-1
92039,-1
98507,-1
283331,-1
51099,-1
287401,-1
188646,-1
63034,-1
329562,-1
123104,-1
506531,-1
519894,-1
493454,-1
100068,-1
450344,-1
802273,-1
620692,-1
832356,-1
181861,-1
553769,-1
1019511,-1
212932,-1
1087607,-1
496456,-1
472876,-1
1127067,-1
1050289,-1
1517308,-1
515707,-1
566895,-1
741484,-1
510064,-1
185843,-1
765996,-1
174747,-1
287752,-1
212931,-1
191551,-1
1134565,-1
3300271,-1
677232,-1
246985,-1
588976,-1
1580751,-1
833823,-1
1435419,-1
467822,-1
4222640,-1
493456,-1
290912,-1
961367,-1
2625079,-1
80560,-1
3103544,-1
1070293,-1
1309365,-1
2419770,-1
1115159,-1
619771,-1
823165,-1
1501182,-1
86675,-1
407042,-1
98839,-1
390725,-1
63083,-1
38334,-1
61058,-1
80310,-1
80316,-1
85590,-1
87690,-1
123428,-1
133372,-1
55140,-1
153119,-1
220251,-1
113313,-1
390835,-1
405509,-1
276567,-1
138382,-1
410418,-1
288692,-1
473606,-1
1062333,-1
1116012,-1
589285,-1
416877,-1
368685,-1
46037,-1
61119,-1
165097,-1
2568218,-1
2396580,-1
2680728,-1
354301,-1
483426,-1
630568,-1
2875290,-1
1672239,-1
2671676,-1
245355,-1
992597,-1
679929,-1
34794,-1
1019670,-1
3323511,-1
830426,-1
1909028,-1
135572,-1
2204992,-1
247602,-1
291818,-1
1176343,-1
643900,-1
1084495,-1
1631687,-1
291811,-1
219430,-1
1435443,-1
68961,-1
98831,-1
100371,-1
117593,-1
23650,-1
92041,-1
239452,-1
209055,-1
67705,-1
154595,-1
429996,-1
456691,-1
328468,-1
356738,-1
61329,-1
382856,-1
223343,-1
458873,-1
715753,-1
481688,-1
842862,-1
63134,-1
123103,-1
917948,-1
953998,-1
8921,-1
80391,-1
1019625,-1
1118302,-1
1157767,-1
907478,-1
1651345,-1
640574,-1
409078,-1
621648,-1
718281,-1
2236676,-1
418362,-1
96464,-1
1120723,-1
452719,-1
652128,-1
619761,-1
2646166,-1
1723265,-1
1237269,-1
2350973,-1
1198825,-1
130866,-1
3729870,-1
80591,-1
2489334,-1
3234688,-1
1100034,-1
38204,-1
38205,-1
755,-1
125354,-1
197026,-1
13373,-1
393655,-1
290997,-1
8894,-1
483116,-1
474614,-1
49845,-1
583447,-1
590723,-1
221769,-1
641313,-1
410444,-1
823389,-1
973916,-1
183364,-1
1077337,-1
1086223,-1
1225592,-1
133409,-1
87678,-1
577836,-1
1090082,-1
112234,-1
2080054,-1
217827,-1
870200,-1
695959,-1
1502631,-1
276016,-1
2335177,-1
632301,-1
2017480,-1
864350,-1
540969,-1
1510040,-1
2481607,-1
1024300,-1
3379891,-1
1235317,-1
2868816,-1
1717061,-1
1091140,-1
677225,-1
368682,-1
1438857,-1
1053639,-1
1670147,-1
100088,-1
247594,-1
196194,-1
113606,-1
711166,-1
1084567,-1
2133867,-1
1050724,-1
73975,-1
80411,-1
98832,-1
1772,-1
191027,-1
197029,-1
30448,-1
365042,-1
45809,-1
154826,-1
498496,-1
271962,-1
727820,-1
415294,-1
34870,-1
723857,-1
818103,-1
639837,-1
835738,-1
282163,-1
118293,-1
589311,-1
1256349,-1
1281467,-1
614708,-1
1297048,-1
1198244,-1
663596,-1
481722,-1
100087,-1
709018,-1
1703780,-1
1161740,-1
696763,-1
128339,-1
1683750,-1
526270,-1
2201670,-1
494954,-1
1020434,-1
378171,-1
1490921,-1
138420,-1
2526359,-1
1543700,-1
3265147,-1
1695638,-1
3988974,-1
2201671,-1
1237323,-1
1670149,-1
857866,-1
1072427,-1
1129335,-1
566282,-1
703821,-1
532854,-1
1010645,-1
11925,-1
125356,-1
197031,-1
388362,-1
134141,-1
272305,-1
288780,-1
388536,-1
27535,-1
589165,-1
389825,-1
567549,-1
61282,-1
765933,-1
367108,-1
364714,-1
1019815,-1
1086240,-1
1131478,-1
460180,-1
958192,-1
855008,-1
329335,-1
1145759,-1
1127924,-1
296411,-1
906697,-1
1535668,-1
502310,-1
502311,-1
2373623,-1
1197069,-1
481693,-1
2781425,-1
1175853,-1
99331,-1
2642245,-1
1121382,-1
175144,-1
1093052,-1
80559,-1
481701,-1
3149237,-1
843008,-1
3328060,-1
1137258,-1
137411,-1
685743,-1
530910,-1
1307257,-1
784752,-1
2339402,-1
80639,-1
2133866,-1
45805,-1
70193,-1
80521,-1
98542,-1
100094,-1
213410,-1
213415,-1
332800,-1
177834,-1
322020,-1
63157,-1
460794,-1
11972,-1
583052,-1
589230,-1
612566,-1
680908,-1
747772,-1
156440,-1
365055,-1
851249,-1
132632,-1
882848,-1
1117048,-1
615993,-1
1137754,-1
1136298,-1
1120944,-1
1190742,-1
67909,-1
866832,-1
470930,-1
1555787,-1
1567955,-1
1547367,-1
1574713,-1
252660,-1
1775807,-1
1801893,-1
1924673,-1
1952142,-1
123078,-1
1019911,-1
2222188,-1
225328,-1
865496,-1
1276630,-1
303199,-1
2047684,-1
1958584,-1
873522,-1
1412237,-1
3736671,-1
1436882,-1
2745947,-1
1159098,-1
987157,-1
1909856,-1
722511,-1
1784640,-1
589359,-1
1592379,-1
2945087,-1
1593533,-1
341714,-1
548420,-1
125358,-1
152282,-1
34869,-1
388978,-1
63152,-1
115673,-1
404603,-1
692545,-1
822098,-1
1019909,-1
1156531,-1
500335,-1
1312673,-1
1312890,-1
924516,-1
1498770,-1
449146,-1
1563208,-1
1639618,-1
272783,-1
570669,-1
142841,-1
55256,-1
2804617,-1
1176389,-1
2310378,-1
1160673,-1
589440,-1
979842,-1
4107376,-1
4462510,-1
2157544,-1
589416,-1
1945690,-1
2414762,-1
12000,-1
98841,-1
185846,-1
193323,-1
321516,-1
321517,-1
502317,-1
502318,-1
527015,-1
566829,-1
566830,-1
566831,-1
566832,-1
578779,-1
589447,-1
589449,-1
684530,-1
696362,-1
1114193,-1
1191177,-1
1307389,-1
1310543,-1
1412250,-1
1563210,-1
1568395,-1
1683763,-1
1683764,-1
1743100,-1
1878486,-1
1909854,-1
2232723,-1
2235672,-1
2630672,-1
2957702,-1
2999663,-1
3714778,-1
3831495,-1
3992389,-1
4243899,-1
