71153
591641
320472
1093261
3616511
3340928
779890
3216785
1191175
1207630
1415777
2444585
1685161
2223978
263239
1247072
1506614
4545631
844461
1005242
3621953
1583587
287401
442228
2091304
3100373
1400210
2194364
1422723
3554033
2374657
1179088
442834
1178465
683199
658409
1578014
1883996
628810
1510040
706999
252943
1917531
797925
997021
185769
1223708
1856048
1025003
2686225
409758
2740324
1572435
2530777
2751958
741454
2090812
1186692
593099
2689449
4411520
1591293
655618
3223198
2876856
1646235
269546
387408
1072427
1825481
449289
1411617
1080870
3268499
862291
2622312
1971591
877732
1159547
1790757
1569956
1424106
1952976
5264873
2617619
1177940
1875640
4818336
1650536
1393223
155248
676509
1455114
662978
4967889
2080393
514358
1487044
3437095
1672239
1802359
787454
829912
2566697
1470056
1216292
1072801
1024259
1170768
111025
4240295
626860
3138013
1127440
1621833
1862570
788238
536465
979390
2313525
3487380
2467687
2683162
438874
2067053
1343145
600807
827006
735745
1379366
1303079
163977
1100086
1861700
1369080
1201440
3182628
2964151
1139300
1704364
2390015
681213
408687
136632
3769424
873305
3136956
526052
1926263
1126141
1960610
647605
3334191
2311976
1378624
801918
1718814
3588008
125241
2485441
2364739
2220926
953506
513497
2448504
908907
3103447
2133488
2112815
1743554
2919378
1534676
3208358
470380
3003331
1624510
1925051
2057607
1723265
2851488
3208323
4797307
2161221
1914984
810740
1545150
1742839
707728
521508
206743
3703808
401019
2487913
1807582
441646
2808603
669305
2571130
1482806
4267697
1989058
2173701
2881852
3755766
1664125
2419660
1727334
1485847
829914
1759928
3219296
2828756
2698731
1669992
1197682
2113162
80638
865440
781625
2602146
153738
1275664
2672886
3737076
3265097
2694868
418899
2213288
4479611
1856109
1406367
3719310
2554228
555004
526247
2365076
2145940
2565928
2761491
1967590
1943568
1364652
761564
1821652
1438186
904017
2708357
2646061
2356840
5425702
2674957
1082071
1030529
2186898
1627555
243653
1905229
4073573
2513288
2902951
308988
3186019
1926510
5060127
227414
370083
3881125
1928779
903832
3245410
3984747
3003769
1276583
4686192
852117
1259726
3119082
2574604
450344
2147132
1455803
1215273
2894362
193323
2134270
545531
1719769
1387174
3486237
1914700
1217018
2180466
73012
3599894
1098309
861802
952684
2081755
473421
345015
419522
1568563
4392211
1157009
16425
474238
251706
3149809
4016578
2513708
351039
1665945
2631054
553664
1876774
1116160
612484
278453
1539564
962732
1046363
3256060
791941
898102
2323274
3005704
1139182
1905701
2291645
2117083
2880965
1784188
1085149
378334
1907025
3699039
829672
2113964
856606
1191862
4049611
2262126
780923
2981114
1775903
3220430
607551
266088
1046336
1232076
2877562
847873
1436882
1302057
938346
1204743
1303845
1370217
2631867
1016645
1327051
2598942
1620663
804346
2992845
1550357
1494522
2130833
2864778
1804338
2022131
2167277
937990
3046843
1623920
50674
4379750
2636843
310194
1406379
170404
2212211
247022
1951859
1717061
4152202
823333
2282031
296688
831216
416539
1877277
1447119
936322
1145359
3848417
2100132
918061
1926325
193177
2224262
361558
782885
269575
3585843
2542036
472246
2486997
2162274
411794
2506336
1392656
1687043
345996
2250984
2467689
1352670
392498
570740
2514675
1226555
644695
440486
1802200
2438660
2022573
1643891
826547
758099
381390
3692527
465862
1956310
3045754
370654
624881
2064766
2517432
3880193
379725
783268
1561005
1468206
1984158
1681741
570515
1854925
716284
1359618
413739
254385
1823061
1910936
1892414
3504390
2432
4924072
1319303
2740484
3130040
2613733
5117862
2195303
2635394
1010006
2236676
29928
963318
1785753
1221489
1080918
557108
1733375
1491232
2754592
2829252
5225735
4541007
2348884
735402
308866
2564246
1020907
1850613
794161
1468762
917919
1276299
1565083
2406245
1267551
248861
4798471
4529848
1752810
4530574
471644
2287879
2473541
2628557
304720
3117063
453417
346013
330168
4025104
3277200
755603
4193990
909322
4876048
3630244
1536082
1562733
1288466
127857
314675
732988
1134865
1008642
729129
2861746
2004330
1842349
1646813
3341281
1115853
325747
2315900
188061
1657968
2233700
945217
2737094
2143618
719509
3147328
132512
1630951
1895652
4025246
1963576
2757586
2221727
2721247
648299
1987657
3989727
2077677
1231507
2676179
2536251
1338206
3200009
1738174
3445663
1456630
1155127
977881
612941
2212055
5003160
793193
1618466
3708743
2095587
928877
641994
794167
862611
480228
490056
715675
1196039
2856801
5361867
1919374
229827
2353967
3636713
787212
1767819
3309385
3535504
2455021
2181898
978446
1358667
2150068
1507882
1562811
4733312
967997
4519836
831315
3077547
1564149
1108181
2698277
1589915
2146503
1214554
2138952
1318765
2363816
3295045
215180
2166311
2200689
3384247
493456
2168660
1921794
1082092
1935479
1584524
3389702
368682
2640071
1019466
1490282
1507242
229163
419864
2643334
674465
1509143
1980264
202331
3183604
2034317
2300584
2205114
1229577
3316391
2233386
1383701
3729723
2239819
3541155
2001475
1328718
3988974
1506733
1061408
529508
3183845
1615246
1640935
1266025
2524862
828796
1690184
2885784
2300047
3920057
2093858
284669
772534
1525425
1233522
848815
1902069
3858872
440167
822724
560304
313374
1495826
2220737
1194651
2290843
608013
373670
3341353
777072
316616
885344
1118744
1849538
1508298
4019051
139240
3363578
1493229
1157926
430048
192655
2311791
2601115
1938910
2994416
2134500
596635
98841
1193223
984783
2448163
2995369
1564648
3429021
803337
2683948
418322
309341
2692348
198248
2531000
2135457
1982395
2631797
4372394
1976233
2989899
1279474
1450716
1887907
1089126
1792134
1948030
1769653
1539669
825723
2557085
3059479
2231385
2687012
3204361
2104719
284757
1546952
282719
1363121
2656372
1815970
1733398
1411735
844290
1544887
771808
4136194
2679259
2123290
1773142
2220067
1095466
1507346
1077757
2479321
1644332
1221312
999805
5740912
3338015
1754318
1085943
518362
683095
4613260
916972
2608305
3098454
3190578
422816
695753
3077963
771362
996549
781632
923411
2217084
2699555
177494
467814
3687194
852443
326929
1548565
554863
2882953
1823201
899263
121257
5583498
886984
2934843
1471196
2042118
2666709
2109008
1235523
531020
1245213
250870
4109213
3810015
414987
1886600
2570038
1393934
145662
1109762
344750
4086772
2434015
2119890
3735646
1286928
1271234
1928076
2503647
658647
1313808
387594
2717533
357081
1313422
4107376
721259
3442824
1377203
996066
4780755
2601877
735384
1985946
1096728
659123
1562107
380834
987602
339000
823419
2700015
2541937
2619374
407659
3756120
2307611
1842359
865349
2990317
1402774
3990480
2115025
648303
3204044
627677
821852
2647030
340851
449714
79167
2335177
1795295
649147
2162281
166571
534691
2502228
1409136
2214715
5030799
1206557
1028937
722511
3950462
3942443
1008028
2438530
333947
549330
1926432
4210463
1462239
674814
3536408
3634759
676854
491313
2502818
2863553
2533067
530293
2812831
1921044
3109066
344732
3115128
761040
754204
1395872
909462
907647
2349130
3408209
2823004
3450125
1395362
457458
764193
615386
2882841
625711
1942486
2981356
1488554
1825819
2542048
3289743
1415555
207708
1855724
345562
2999421
1393116
676254
3878684
2512299
1403862
268852
711441
1135794
3378224
777056
806043
2462385
3498682
1667983
794485
2736944
1858031
1393132
3598509
37505
2165312
2083440
920287
2010266
1470053
781311
968682
204193
1815973
491500
3027595
1287499
3678642
2869928
1529523
261413
1113732
2559743
1462164
1376233
204875
1625323
1431377
1338745
1494065
1617001
3154291
2514723
2082051
2716170
1790624
3251896
2072114
1169183
3887884
3990837
3729083
507524
1259693
257183
2674677
2481765
1787063
1066160
1111722
4043746
3544309
979012
2928237
579547
2137634
1616877
1674992
1490790
3463969
2173249
1028041
644843
1905876
391488
3138515
2774772
1897254
2672156
4787431
957975
1040571
1626845
481622
276016
4567119
746973
3150904
629413
1088168
315586
3618240
546209
1375708
2293942
1477990
4343209
3487826
1403337
99866
1624651
1109373
2527110
3142406
1268260
1967207
2798265
2365054
2328973
642068
3446643
1747735
3940261
114873
2201519
826605
1482677
2788783
1833327
1743902
1330842
2598346
1876222
1155547
3301974
864104
1916817
2084069
1883675
2582240
1175462
1237269
701036
258886
1301393
1958141
657898
1506043
636024
561748
3937881
99764
2652951
1729799
526270
1941706
4454445
638473
1550792
2135464
2467185
628299
3772709
2794821
326081
3212642
1354008
853604
2458124
2952837
3145774
3503613
1021409
2041917
2316906
950665
1228692
553649
1251227
3345821
1918825
724232
1757670
1530270
1028897
219089
1295315
429994
60537
3950789
2016837
295116
1733709
4683563
1017741
1224022
738240
1403541
1443461
1936273
2095149
2395815
529426
3838906
484147
889045
938304
899616
2855976
3033112
878576
346089
1316909
1854795
2062963
486119
1746906
2397448
3185598
436578
2076758
1294332
386989
1974987
2066385
824465
1720799
1711676
1534654
2227391
1417214
1957514
1489218
1580169
316234
1527000
2601412
320475
4313638
207263
2209863
3051119
2535620
1487259
1850832
670446
4647357
1344803
1185612
333092
1838215
1353594
2829181
125360
1644225
1345031
2175769
2518462
1389899
2069048
1899002
3366033
2159440
3275333
3847727
349188
793475
1338123
464819
701896
2561305
2870144
5084963
1703780
1130043
2274087
2720657
405254
887499
1563686
845268
435783
506381
3143099
3040897
193113
1975357
3400036
1561436
843037
1270591
4347437
1785374
1024720
996402
1291848
2942145
2173837
1252557
142963
1125042
1862450
1555797
1709235
606185
2646166
3216222
2279155
1357036
1338801
2263660
670859
1270463
1387037
1481499
1713847
1737814
4501441
2829190
5069990
370912
621018
1557325
1203598
788166
3195006
2595941
2118797
651318
600308
2785827
2245131
993697
883077
2173949
813166
1799633
450563
1187973
4511343
1982658
2681338
5013442
1191846
1054917
4171994
1992879
1130996
2538893
3588697
2075730
2416305
1924673
2189883
605960
1928259
1136169
423327
1302537
789118
1115926
1892687
2442340
3678641
717154
3319807
621648
1860694
1032619
795027
3470452
1293248
1734058
4429022
3520658
3218642
853354
2648826
1988460
862998
1302118
2318247
1245333
3207523
140568
932627
3368255
1992177
1737349
809756
3643248
2537775
615281
987785
977844
1201189
46506
597712
1147677
820383
2741520
761710
160634
1900137
975908
1808564
647883
1840112
331970
1486374
1946487
835989
3773297
3566976
748377
1332424
2416293
1345482
589416
2708213
1765428
2098845
2062877
3180923
572159
659236
2231236
1504807
576281
1742706
123428
1394526
1317648
704284
2390661
1302274
1950964
2690482
2679760
200283
197411
783698
941017
1624880
442677
4650532
2119601
825770
1990566
1342559
2440377
2352831
2602723
1245217
2729383
1871581
1957477
2834364
443974
738362
2339097
2284791
3144367
2582540
996058
688894
45748
2491366
2931311
581981
2548186
1958050
1354811
2462510
1400099
1120994
282565
498635
1826029
1717114
960188
1681551
1582292
843005
3526342
2911469
1650881
2180513
141758
1548995
276823
113614
1380042
1147962
1306803
3465932
1060674
1573747
388271
1436243
2407115
2617849
926277
931835
3640813
2512515
2996692
1983976
389182
2524355
1774573
1137754
2765115
3022705
440517
608172
1941949
3486537
1022078
2127835
1175626
11964
2412111
482406
959244
2981607
2065600
2344776
1387549
1110985
2340255
472785
31552
903342
2175028
1228766
2748357
1453677
697174
2212994
1574253
3459688
1679526
696864
977369
993125
2978058
1749218
167352
3168805
1414221
2531397
1841457
1083960
2352183
599894
683930
2051020
1420887
2846197
1319811
1153117
1640912
689930
1787166
143725
1465537
3447397
1623171
3234574
624486
1442333
495968
291201
1540054
3592638
1268315
2066505
3727286
987682
1582311
265887
1833081
4452188
1153917
3988975
1434750
708980
1634496
519894
553184
1547333
1883803
588152
3549846
1556625
4691361
1592614
1708651
1210382
1375663
559466
1408634
2986502
561202
38205
1535764
1625878
2598449
1725165
1460545
430172
3706623
1021121
1010251
2038220
1711030
854090
232151
703122
1234186
1057647
834942
1061068
676706
272674
1844679
1970760
4447258
1306214
2234619
1190729
2521911
2930748
2411192
452495
565191
1293994
1998610
2209707
3400080
1220913
2414839
2941863
1305357
1458055
1920810
3111187
1742572
1438615
3096070
2756076
1024632
621685
1685747
490966
3896766
2235639
1695955
1116327
1999033
1314461
4874762
772067
1911672
2761952
391393
658731
1232687
1204708
1544206
2753691
1073367
1371872
402695
2561968
2289237
1351436
2380857
3498188
894516
2573212
1767723
2128401
751365
323153
4348574
2887838
795429
1406927
526085
2263877
2285214
647318
1926444
2927640
1821656
738093
586164
2426050
4111694
527941
1370318
4155435
69569
631129
3082661
1199273
2604976
1553714
4108555
2574263
1118531
1955767
4022627
857866
393189
395399
489123
1809213
1165009
4592715
1447174
547638
1491480
778662
2244852
137411
1490295
1477197
29677
2427013
806018
1315816
739484
324946
3492087
1956378
566832
4592491
3278092
264365
3082650
182669
624834
2610338
642178
271348
1135507
891949
2126819
2401099
1367555
469148
2262102
857010
3014336
689715
373115
1335518
2951613
2135591
1108313
1209389
2906712
1035109
2373601
370573
2188191
1504665
1520356
2413019
598794
1644015
2700085
3393394
3501585
1042565
3328060
767360
1840305
2319260
973917
1815904
125680
742739
909320
938130
2048086
2450470
898178
2463823
1624604
880361
132465
272662
4409037
2642245
954170
739177
1534613
1286461
1045432
646977
4256323
2204940
1034661
110051
841600
1588532
1125948
1951813
3153613
2563119
382098
2097422
4486746
114366
453637
3721325
1398011
2226223
2705794
1509967
891662
1135423
607562
2277311
2059291
2200548
389024
2533049
3724272
1806056
1495615
163689
1838158
1166639
3678643
567002
768212
1779675
912551
1575582
1113973
2706857
399588
2218063
2951729
880173
1168642
2396417
988426
1182936
1379574
1670149
1663019
1159623
1552932
406280
276377
2112462
784408
2739470
1624675
1898956
104225
1468312
2208005
4863817
1078313
1811029
3006544
1568395
1393411
364163
409161
1060475
1617068
2555749
504852
1090085
596424
287038
18125
3042921
2881770
3366650
2479458
4671819
761261
1587315
175854
608882
1685347
224481
1472484
3577079
1333615
2978460
1755203
385916
977030
558000
229454
4490373
3805197
2782473
3148786
2625659
4044102
3266837
1071993
2455517
995723
1421450
2550244
1037732
3560735
297215
2698910
1550348
1013074
686676
1646490
3087258
2079174
571229
2012856
1164232
1325031
3584772
2885204
3670412
878295
1929620
2625671
238824
711812
2466099
1474139
2078131
4688516
1059866
918526
909069
1951261
1047184
1731161
4931219
988824
2789501
366100
2524575
885274
2526545
1695445
642932
3356180
3863798
1086240
2817644
1887741
1294532
1432409
670917
513688
4160526
1259457
435336
1013072
2199502
794891
650179
1881254
2440511
1780935
663596
1197652
675877
1563210
303719
696362
3350447
150271
586236
940963
1494990
2158429
4344179
124771
1419716
1550673
160585
2188427
2453067
119163
1039504
1031509
1313029
2462530
1618710
378162
1069077
457339
4293915
3878963
57349
1079048
1086326
3052605
3477577
2339402
2891950
1556005
586554
1184041
1847002
3027600
1796153
1930789
801798
2602658
3805150
1738253
954531
1712868
1530066
4455964
418362
3572530
1182388
519897
906629
2549171
370548
805058
1065026
1658264
662946
738092
1407090
5094078
1781431
542300
3039549
3273030
1397950
941590
1613683
943770
2320578
1946488
1439842
4093993
1632775
892792
563450
2854766
3340985
1167486
633182
875989
1957962
3682151
2667223
4385466
935367
967215
2747235
2266412
1833333
1803011
781171
3038011
1498397
1754706
2652320
2693050
2506639
1293480
1772998
1497826
2484545
740427
1573222
1594383
41182
866435
1217691
1372357
2342969
404603
3799116
1915907
1496034
2999019
2283349
4610056
600806
1992453
690078
553105
573396
746430
739805
3512998
3868650
1624404
188017
911479
2396692
3482974
917948
2659305
1030766
2312463
926337
1926334
1234154
525955
480084
2366996
5295906
507395
404436
1283696
1718608
3964317
1657421
2304642
3132624
576787
2258860
1186369
2024541
2681340
3374254
2025005
2630468
201808
1249428
1548377
1909854
4462960
1558341
3333606
646958
709156
2796471
1626451
637258
2026182
294412
1636344
557397
1205563
1561298
56927
2067591
2475285
1037179
2150901
3923880
2411675
1950012
3697686
315988
2794826
443813
346083
2743582
1818910
1729847
460794
1939808
3192477
1226773
4115511
2276626
155489
1368031
830328
682650
1046509
849381
3559629
1019307
1646285
507019
585931
342265
1137646
3400078
576590
2388983
832553
1580311
3111957
430411
5423665
32800
718357
1801133
1981168
1274189
1860698
627635
1630852
2469605
723309
3074026
326353
1471334
1483333
1094502
796716
892952
2458752
1546712
1249421
1144412
2894727
4970722
1574989
992272
1782773
843007
2079777
1710135
1841968
1327605
2442222
675133
2894606
962393
770777
3071377
1008652
2980445
2006009
1437483
2253635
1249051
866832
2018204
869215
1899749
2117090
2551722
78540
1928262
2022018
941727
2652943
1915562
912947
1269560
910605
1302344
1495180
100094
1764128
794625
1234493
416679
1453489
660348
4126971
2114061
912017
1272246
876051
575357
3018470
903436
1749884
1205759
461497
3618295
1898526
3722136
761211
458522
3216223
2146794
180355
1548277
2462134
3427922
2456055
4155530
358039
1450326
2414052
527074
880849
746364
1959273
2948097
737200
348476
1518942
2769828
1441261
1739836
2552263
2905705
1948289
1825441
3061992
2684691
2096452
2385140
1740157
268660
1491518
943699
740687
2725912
2317011
1425382
1527255
528241
667864
1512488
976953
2712361
93726
3830385
1737873
2571081
999191
614708
405780
3284443
613432
2651872
229421
2298813
986673
3531107
243951
453320
1331427
3424632
2908113
986882
1080649
2563796
1090082
1478018
2146043
24296
4795785
1917911
726374
1295305
679459
3848280
2542315
1525576
4465432
1123669
1648787
2325164
1616181
1792814
495739
1646861
2194313
2818010
3241397
791120
1931963
2736982
2021277
2213651
2387743
943218
2751078
2078088
1228081
1626257
370069
300110
385480
1490476
392187
3333169
1158176
1112627
532592
507333
3293977
995512
2521892
872764
436693
383906
1587884
1294860
357902
2972816
1739182
3170509
1899476
1496427
495915
1159098
4419197
464512
2768551
1285613
1010256
625158
3464482
137784
1406498
1469921
799745
2317448
1765118
2767072
48423
2562657
3210480
1981535
863122
1834828
1567136
2055788
1260345
2680728
1909061
3971412
509867
1795036
1108220
673149
288209
1634486
1816628
1955840
470200
1438222
1034662
3038387
765536
976530
986753
1420367
2009563
179798
455679
1440622
277114
3279722
765579
1886565
2241410
1351447
2441636
1039845
3251668
1852278
142480
405624
869797
1562708
760603
156173
2840187
898264
2945852
78181
4588767
895583
1135363
3785917
215549
3498040
1205086
1215212
296642
3718697
3855990
811574
794370
2470716
1085591
1780908
2180087
925708
2803424
4069712
1815962
1785502
2532263
1078341
234226
3778330
2834079
1557586
546752
2632687
1306479
1470124
1372165
4011373
3056142
1529319
4793290
423898
2196233
2495927
3872768
608412
2811229
189371
1108764
2062621
3868293
887978
505584
944111
3839441
1019788
688400
1478161
2944715
3910284
570952
444575
2512615
362566
4018675
1384741
526799
2407832
2245827
464295
1416141
2513944
2328074
3885695
1227292
246757
1883281
3814250
2098713
1621972
229161
855947
4964118
1010645
3062810
326479
632289
2629113
766671
429189
3646281
76335
684530
1913958
858019
873609
3618713
912055
2872503
805734
1150545
746865
922712
1281382
852081
1996679
4215109
839969
1321493
1373157
1633183
634746
2564599
3611279
2483696
1351446
1850895
2845664
1052367
2402221
3261196
1471869
804923
1706557
1395061
1921756
1324016
806116
1790277
1240232
2559492
845201
1458321
286973
2363322
1426503
1802730
1633978
1708694
629330
892874
1409941
2383241
3309026
1904504
2960368
2742821
48371
2168362
828482
4042765
1978327
1903265
892424
1295466
2285887
2846510
2311581
2413035
2679345
4349863
60188
2235775
1791734
2212077
1755223
1094683
154783
2179210
444596
3052825
1029267
2292245
545962
1614525
725218
1491470
2632031
2184822
2039931
1072875
1029281
344737
1443414
3111982
3016875
1219565
1333528
2098322
1930925
3560776
3311600
1629980
549678
916658
447008
1182979
2651606
3232097
346042
2319794
2510070
845146
1979637
993894
2829510
896059
1535668
457384
2415247
3147938
2795605
2119219
584974
2361782
3171276
4272462
412716
1221391
100658
104022
2024444
2447598
847207
379953
1343304
2624251
4305203
287728
1079630
219838
1222915
296687
2269280
149189
1682607
3062393
1507354
953409
843385
1060537
1120567
3126065
1654747
1828116
709371
111384
1634467
2185427
2172534
1266642
4462510
1560611
1650432
1691958
2453036
3738505
1245161
2003632
895795
2458791
1624621
404546
244784
1948467
258818
2798805
1693111
1313801
1790613
4785169
2017074
1687182
54408
2359681
1489196
4708715
3374010
2603104
2388776
1184603
79895
463743
1273628
1339822
1228283
1001750
820665
2609897
1580189
1623009
1370823
3695691
461824
1402393
3383291
1827160
885678
1272624
201560
1502408
2147529
2852961
2374095
5075622
1158613
3174079
4669227
506531
2402870
3166341
2422628
3144850
2885037
4075172
549974
3307222
1969233
984556
963497
1988648
4360012
1543304
953919
142841
1016199
4180599
901199
1014618
125030
2361213
2223126
2508804
907855
1815309
2429474
1325873
3590948
3785251
247131
3209783
1547367
662095
2136741
949117
2098933
118685
2246464
1747245
1310730
2191491
1819568
2279306
783492
671416
859870
377710
3982070
734579
436859
663945
1285747
1018250
1229053
3093319
589447
723599
2834415
2136558
2073231
1764091
2473520
1852170
3023629
899875
2494326
1228544
1713272
1245916
2097499
896574
1799651
2414475
2459527
1436481
2209959
900261
88495
1375326
3859558
1584384
2806736
176023
136924
1760556
701346
395395
1501160
177680
2281963
437181
1198825
2970751
1579958
387066
1557313
2498242
408912
2597372
911642
472566
2814115
1898835
540969
538706
1168595
2950494
1134254
3208442
4062555
4331521
3310592
2708009
364192
2403973
4303308
2576277
575748
4461119
1158434
5321747
1430620
1054031
1804681
2708668
157580
3177803
1813466
104207
1095114
1329307
1286332
2808276
3933291
1120720
941334
537070
394500
248952
1010422
138673
2225505
2670359
1917988
1510041
3999613
1016749
233356
1619695
3588509
1295350
644850
1355319
449286
3515811
97554
3072414
3173829
2955098
3281886
323700
1165642
2960482
1294315
967190
1898893
481626
1921349
897258
4723582
1082261
776525
3623121
1297110
3183580
1495999
1749815
806781
1688896
678777
2066766
2783107
1376568
1039331
1204915
1502463
485966
556656
588138
1881381
2847495
1921886
1862793
1064337
2037878
978682
5791053
2691575
2097965
2399076
1596563
2781425
1346061
992597
739394
1249650
1039100
1406074
1286826
2198515
692364
1891080
1784640
1032881
1678936
283311
1485448
1697856
2872726
1767069
1140494
346027
3352177
353678
375239
283328
2138393
3567208
624219
2845792
1324985
919289
263552
1519096
2516946
45949
4792124
1959738
754955
1398800
1105245
4340069
802273
2161707
2053895
486414
2021808
584061
1364029
159952
2813649
18001
1623999
1948549
3022715
3183661
728339
1527958
4432861
830369
3058884
2009790
1364307
3902369
3027706
1428117
4188087
1092601
1513005
3807636
715159
2100978
341714
2235201
592854
207453
903925
1343084
3376234
436323
430134
1365135
2121951
833394
3568047
1580162
790903
1493515
238732
1353713
1270535
835674
283466
483512
3441982
1687969
2793200
3539707
1918812
1963761
786659
1082628
2489334
212297
458731
1456222
1702567
2220781
2137374
1651345
115005
354270
5191898
1615335
2462750
705420
2778823
1433139
3167531
3869851
80625
3389105
1972537
1878486
3187883
2042643
625261
784752
346064
2216506
815767
3842042
2313582
2415187
1978434
153801
2174138
870160
1664635
920370
1883142
814116
1825969
1596623
109269
797783
1648738
2947838
2731312
1204266
3165858
1745770
198079
549376
4594313
878660
1196098
1657576
802591
3480369
574673
2652312
33835
2770173
2201869
2204141
1987280
1258745
1624446
787536
486317
1176767
301351
1180377
501014
2396780
622654
2704751
370606
2087425
4364845
2543599
1276630
2251993
891935
2824449
2168669
522875
2595999
622414
382162
1688645
2552110
437048
2615630
2462172
2500613
1286994
1160988
2243833
1122783
934676
3687282
4347492
1818979
893684
2155748
1735872
1683048
787019
2252217
271337
1324996
1838118
2728129
1525140
3718547
961568
2242310
1475282
1768553
659178
2200436
3407926
2750660
1018035
691092
726919
1831351
2929097
89877
1468770
1549624
2454946
2464451
2363702
1285590
2026090
715153
739595
2616629
1741060
2036759
2906215
142334
1335481
1172418
1135791
1985818
2359637
1004699
574551
1592212
3326771
3515073
120598
1409131
320477
1683013
378137
2310333
3177421
2912406
2180025
1919086
1954121
1688034
3466838
455181
90887
3149860
607650
581515
1745762
1452678
2885029
1324070
2613740
3736671
1109491
499147
537568
1086149
809376
1314385
2612626
1416151
2637535
602641
969238
1580287
1610438
3619981
40797
578860
2250896
710154
1334102
3592586
946189
208261
2243615
420030
746929
1632024
1264633
1489629
3644569
4059751
261848
2243473
653699
2998989
3295599
1445937
190550
58310
138494
1338420
1097487
892400
2164719
663784
1135896
135171
3857116
911325
1134918
2064146
60753
1576714
2081550
1486426
1841825
843093
1031598
1337632
1697087
2764866
987319
2818019
674762
913499
1538300
981093
280227
442814
3205226
238787
518381
2720641
2765762
1469982
2787570
2789399
108632
886981
3701427
773585
396614
4028694
2982786
741485
2929138
1689601
1919148
2905506
1348236
43000
3310763
3091638
1999982
1462849
672130
2758282
686919
456398
1407267
3141724
976873
3510984
2535966
1367497
2199671
1088610
1772719
2092417
4418506
2380124
2618513
1289584
973876
662667
2652325
923744
2714085
276156
2401721
457559
2980779
2710130
2623100
664412
1861689
5299142
1209056
4393626
504272
654436
1880658
410800
2579730
1306079
2118455
1174661
2620714
1401612
3429597
3541140
1190579
2653152
2609962
1923824
4301071
855772
750867
1704039
227168
1050668
1965418
1048174
2749054
753675
1279472
2014296
3563302
472954
711635
3125375
1565230
896529
3634342
659506
623235
1545760
608441
5503361
1207754
2399010
1175471
3025054
2685274
560439
3880523
746972
1888902
585661
858011
448320
3594144
2662073
624270
2633771
2608449
3473533
779368
1659298
460624
1264535
2905268
2299045
1808342
3076086
187798
781668
1281254
2701549
229275
700289
272767
2671676
4982989
1001871
2952305
641587
1509645
1978694
677101
2242747
1019901
869770
881799
2734133
1969119
365478
1270273
2980782
2605040
216453
1187266
1049544
1497358
2757601
4899191
1052106
167360
3025346
628303
57632
962468
221467
667105
2602086
978981
1989674
1978878
1133525
957238
1279460
3393373
1163103
2463795
1053555
1086163
1886653
4478878
4438977
1010455
4111057
341420
2318896
2691104
1335466
3434343
787182
1292045
1543864
3305196
2969487
3833649
854622
2765192
321517
1647085
405048
361183
2233312
663877
1938521
1557094
1960353
2120846
4600069
2914081
480653
3308929
2384220
1381371
3261992
958345
3069505
3486496
1214478
1892182
1324041
164851
2030937
322827
2774031
2227933
1845313
1507195
3906573
2791543
1333437
1276855
2998025
2101517
348318
324541
4686793
2187159
2601372
1099905
2079408
1476947
2877245
751961
3884727
1049179
507613
4690737
1424273
1173227
1250462
617470
1899197
1864074
3965143
3377427
2176980
4125579
699462
1253572
247594
79802
1353140
802628
2041237
933776
2434588
1229574
2414343
2238375
2309780
405556
2632923
1568012
2340640
696749
753930
1898292
929404
1658351
3563790
1049948
404895
2325510
466867
46504
2683230
503157
4586742
3339775
2393183
208415
2850755
2328876
121591
1505243
1124953
2097611
86307
1634002
1418498
4316541
1877464
3140914
1406211
1377228
614384
1558105
1659721
3844586
608224
2274080
723268
2011264
1699514
2116603
4129505
1683862
2214446
3943150
3708207
1510794
996494
2129067
2457321
1190461
358600
2163853
303552
760536
2850023
1246317
1030798
692735
1760847
1138717
2742451
2505756
1773634
2639372
3066669
1631687
1507549
3817539
752123
1219934
2905532
1421063
1984182
962136
1608841
573301
1595723
975576
2009924
2683955
85575
241751
2616599
2841704
2533718
837464
2252873
3644173
2415523
370503
596634
2109110
1572448
1456714
2373623
2838422
1364999
755416
2763700
1371935
401217
2882918
1071110
4158555
675358
521312
723610
679929
1893352
548833
1049711
548840
1910196
842387
1489359
2497661
102361
1557592
1624369
1083875
558860
329955
662959
2748347
1159474
1748733
1803025
2788932
1390119
460595
1323072
4409831
3614656
366770
943714
1730871
497608
1711407
4376191
645634
1905231
308857
2523721
2049804
1525376
513727
1048628
181868
2604966
434992
2307285
2154568
1175853
913392
3064412
1718807
2561436
677010
2751117
865077
681274
825550
3039359
592424
3848988
1687393
1400400
3214187
130327
2824592
285401
633848
2701588
3457604
3272866
1373815
3814309
1298954
4147633
1089125
4121396
3329925
3299236
143493
610821
1388103
532854
2130521
4628641
2509545
1461961
2501235
2105992
48843
866645
121091
2145862
1258011
1905178
2956627
627676
3021465
1510816
443068
2013648
1709451
1207728
2290090
2463356
1290287
4996888
3853096
460531
2184052
1357569
72478
3779593
465019
2090206
1779645
692998
263364
1502553
1945824
430087
2924215
868204
291233
379675
3995879
589634
2412081
3064377
2949385
2907888
1441229
1185805
1248264
3383515
1825322
1427465
1559136
4708072
2957275
3496053
2473091
2481221
1210199
1356311
489507
1984156
2615144
344898
303199
2341481
494054
2571170
2495100
2584158
4295276
1064403
3547934
590369
3306020
494590
2145211
3465499
2480610
679911
2791275
2048957
29647
1467546
2678695
126976
2993288
3039424
794902
865025
2322974
2811920
1639527
2074967
1483995
2407580
4131810
3235681
4756496
1643791
2674369
1804640
2060092
456059
763006
1419172
221453
508034
1974778
1407673
2073405
1196498
526992
1022966
1011080
357894
1062096
3668420
389184
4553816
1221485
2202152
1783001
1655948
3109433
3379891
2145944
284093
943468
1872469
1332080
378034
2191910
1554646
617331
776562
1565076
450054
1192812
3816965
1497064
3197149
2073342
2928736
2941456
2746119
1028944
1934433
941037
2367375
2825514
1537057
2839289
1473139
4512672
4305243
1775979
3479800
2184847
2649702
4817071
1060698
1783019
3393650
3040238
3284433
544463
1696602
2848855
379832
353224
2531456
1624575
2177425
3242329
251156
1220852
557960
1173330
4208237
1104904
1122509
1437987
2101667
870192
3836151
3075464
248210
1520051
2982299
684624
1550815
2467812
2255786
953369
1934477
271158
2912892
2559130
1318633
561052
689910
2710927
2105127
1098467
631290
1320435
1215131
3725938
4352146
1301763
2165092
1756039
1031297
2373131
1814212
465449
2327295
1256970
656479
613421
451418
1989317
1122430
1756051
3004008
1539426
576879
101476
699599
3648448
3160978
2022388
1990664
2554697
2353930
2768293
1991411
1943319
452386
2927119
4480422
1011017
497825
2158910
4266265
2597769
2774130
1688422
3491704
1498796
533147
1169457
4195222
1919729
237562
3544365
2445329
4553189
2173470
1175318
3574145
1620083
971998
1130658
634646
108592
2231451
1126121
1990660
1438481
2679636
862736
818516
1455185
708331
3845266
2225251
219043
2840522
679542
5006387
663863
701252
2412664
1167144
2175983
885516
1696920
4048125
1250430
1778109
1148154
2372727
721661
2352071
4627798
3099164
2180375
143584
823049
3477966
888036
1477006
2152596
3882272
3229240
1784636
957546
435331
1085651
1376733
2418573
1479083
1626083
862576
1683764
1331848
633048
4313131
820937
2033889
3031477
1589515
2561944
2463684
562249
1625012
503145
5435307
1857294
1152563
1750981
1165611
1715162
2051974
2984856
1032961
1421409
3169204
1899111
4054939
3690464
421241
873515
2679186
2308244
1087811
580773
41209
6829225
3008119
2606867
2003146
1028607
1107628
301246
1158625
133409
1972526
1174137
2090183
4762192
2137540
1418577
2130130
2693205
151081
3145814
331339
209563
990757
993730
1329363
4103515
1473624
3546949
826681
700354
3733295
524635
346092
3850973
239082
1071236
2313347
2600466
397018
2966227
768357
679915
1502585
4264599
2157544
4799992
2357178
841776
1556951
2292554
1924725
1465444
1973758
809885
1956376
1916518
1391295
3410226
1953870
1618533
1491807
984812
1272740
829118
959178
2927582
2288157
3700210
2142623
2742882
3411463
352626
2658714
762824
3040053
891819
1929631
6953
1926446
2381335
1688947
1822699
896434
1179583
2529942
572191
412231
4021243
1663181
2232723
460880
4228669
1282397
2173151
3232705
1321156
993710
1926255
2507587
3749843
3465467
923498
517748
1857777
968000
466920
3065276
1422254
3209919
714898
1445002
922099
3859190
2696278
2227419
1802125
2245385
583663
173374
748591
1209397
2921028
111760
634724
2245129
1498733
2154089
2133489
1844822
1425104
1772058
2823002
590723
3650977
2310378
274025
2241548
1069935
231719
1942192
3032602
2311956
4120936
1750229
1085590
1514861
1555311
1672796
2065447
442309
1854255
1146796
3006926
1842307
2039863
1095548
2914070
1081683
3256063
2212154
1502619
1770149
3621816
3232468
832356
2923477
2678775
600103
359121
2774985
3814554
1381538
3644956
1064764
892148
615427
2207847
1430110
4809357
3149188
1330129
35686
2005785
3396074
1077674
3335486
194281
519308
3573635
2480813
1138356
931888
714543
3261270
809686
517066
1431327
1114959
1833157
2458733
1998349
2107013
1113487
4740902
2981916
924725
2467206
1937529
1880238
1624283
1392311
3023912
401931
3738321
4320667
2415841
2365924
2965774
475243
3361243
3516060
571470
2115996
940960
969460
760734
1510153
1457370
315559
3446331
461659
2659148
1181584
937646
2116235
758255
1336652
684758
2996757
4545981
4932713
3183906
582656
2368507
1061465
1967635
1120129
4258532
3729358
1809265
98450
825755
683767
2946575
1375720
215390
588232
2066498
1880118
3454515
1187876
2212462
2492064
619438
3168717
1019625
316399
942424
3181930
1998008
2087552
2047661
1586372
3888551
2047999
1523137
644397
499336
1139313
4883602
3326787
75938
3501742
468337
700995
1041611
223272
8840
1212514
908990
3318100
971748
2245645
1384709
1126035
2069253
604950
208805
638485
2366662
2666661
2025097
735195
4251000
2851063
1233583
2210634
1016365
1669297
1029255
1415587
155229
2940857
2408023
511277
811976
786835
2370695
2166836
1641201
161012
537788
1526398
1040806
1990763
2284214
3862415
3024505
2239307
2465887
499963
2068840
1695638
385725
58050
2250773
2191844
1509623
1499786
385486
49418
903520
2354511
822970
2325966
4160204
997003
1415348
655484
3095886
3188556
1636260
3434426
1756067
1471836
2883381
2162044
2062893
883165
1934152
2066403
1501182
1482533
1535758
2875290
2251200
2503849
1027773
2005427
351138
1612786
3766029
2905518
2096116
1911483
471155
2817886
370377
3368387
2207946
1548005
1908038
1823755
1474169
545653
1826149
105280
396522
503136
1232336
2822687
1313068
783914
3608259
3022660
101886
1154798
885490
1786531
1172863
2379223
1571066
3234688
1064202
2242673
500814
2099745
662971
484483
2152256
1679479
1618982
304506
1130920
1411636
2180583
1780760
772901
1488659
3073753
3103528
3061664
1338781
1160539
2039230
2230574
2264537
1695170
165549
3096235
85319
3284418
805781
3010915
2483649
2007030
1787274
1947827
816910
2360226
2550131
941599
4316393
1442415
3805930
1688177
2365457
1152968
1738495
547922
1778115
3629576
1031197
100087
1736231
843058
624308
3685619
207221
1751399
906805
3029728
2327961
304826
3365353
3550842
771358
1220111
3795644
1317622
783444
482317
1268639
620214
2504365
1091887
721568
409485
2170989
1724459
1054421
1857659
1189952
1077413
248929
739503
759425
135668
450932
188407
198369
3679787
1596615
2885908
2367285
365062
347652
2619847
2997717
1659274
428955
2936634
1196614
1932192
637996
925259
738183
3651198
1064219
2178395
918871
316084
4455434
1514862
469146
1016351
3339909
379621
2104543
1650562
1476251
2726394
2650601
2557016
2213453
3247054
3404945
828700
2715421
2456344
1360795
1040133
2816524
1667348
1888769
1981125
1458671
3302003
3632133
3188559
946994
2188368
265546
2681542
3744171
2377928
853127
3151829
2525593
1496918
1193765
485855
2791027
1458447
2966836
2576216
1246509
3991450
2112920
1384021
830952
3237627
2571022
689722
3188130
962686
283318
1064114
1138244
2372363
2596610
1130917
1169600
2485092
2059211
2324852
1708873
3069171
3276404
1030650
1324426
1286169
3377387
1394641
1341732
1503072
1959287
1482404
1611127
1894212
1153853
2132671
628105
245736
1721860
2145139
1338489
3455586
1610273
1159516
2155299
4084228
2285190
819469
399985
1680815
867413
760971
4603765
1557152
1064113
932600
377797
3377663
3282067
1985120
522186
285566
3957891
530836
1186028
2731061
3977373
1069957
475595
1229122
2318366
1997735
995945
4092900
299511
429197
428382
326310
4048448
3319443
208035
1095934
2882970
3779685
1534682
2676257
271965
2870259
470155
2637952
329522
2012870
372541
1303192
2341088
3095958
1043210
285546
743241
2337437
1563208
2064685
1700917
1281213
921466
1641240
1509489
435732
2851116
2413143
2707562
1297950
1870625
2656386
4089126
2004681
660920
4258465
1860391
2050229
2427165
2356358
1623301
356828
755606
3101753
655112
914361
2834085
1345506
1086223
1648617
2924065
1708896
2414342
5322621
2844176
1507590
266136
3214989
299884
1346589
2288377
4029657
2281476
5418652
2824596
1359723
634854
2199738
2209640
1643810
1932740
2291916
2022753
3482441
1898979
1655789
2289120
1958612
1985947
916391
1628173
1823599
1268196
1407594
136683
3556579
3233563
2086384
1417373
503898
4054971
2580401
4410096
5004425
702266
3919522
1019336
2929621
1511995
1614439
2214740
2849870
1359624
2136715
253814
1413879
1864073
329058
1822675
910625
459187
298574
2726428
1313772
260420
593088
1918060
4650392
2928470
1278087
704343
2080486
343306
1350062
4260255
1019879
1546709
2230112
3867383
1433932
1413599
867017
1200052
1876188
1997856
2110658
3038904
931857
1624064
1983794
5240096
2357229
3440343
4198328
520585
2050197
1580751
1427039
1407152
3292266
509366
167986
1758651
83214
652116
2564315
1743857
58258
995472
1647044
1364986
2318289
419642
1037731
1320050
995907
772764
489585
424052
1509812
667215
1170656
1220013
1193796
295839
2142682
3487435
1825031
2481099
2643486
2562725
3800311
204842
2437383
975565
497571
1930701
2439270
3684661
736839
1433017
855987
75450
2649176
1947203
3830112
2783788
1909514
1094496
1797910
1557548
2152147
319857
775755
2613423
652128
1712980
3194910
911462
2150136
1786818
2319546
2065454
2631899
884363
815560
1719936
548848
3316234
2779403
388536
2638902
4662536
1024218
672100
957081
796681
3685555
1681946
923674
1933184
2052806
465892
1075057
2097603
1295329
582248
99725
1041477
993956
1524411
1537770
855156
1755847
3948111
578175
1611432
3800139
909606
1849692
1505518
957258
4942003
244790
1245597
4633593
1984236
1881470
534558
2346000
699362
1128861
524765
321498
635932
3321225
4226271
2347487
1491910
1174454
2175936
4036489
86631
270700
2258822
2276074
3336996
1131976
1551954
375438
1781526
1137711
787906
2054190
1314119
365061
2860813
738020
762681
905025
779895
3880151
1356890
941073
881604
930299
1766216
3076955
104512
1967538
5744574
1471697
594741
870207
1577668
2931826
2582374
3515254
1205564
2909870
4651865
2918698
1619887
728399
1124823
1808326
455460
1243359
2246445
2931259
4475498
2497793
801123
677232
1040638
854078
505337
23785
2876672
1198581
1203592
2139481
2142614
1442427
2990368
1256349
3075740
716249
2735686
923565
85385
510927
259068
1381559
2675523
519909
917243
247554
1308842
1135776
696314
750946
777761
1326206
763044
1509102
1336599
1935605
910445
1656326
1687256
2988769
1462761
2290672
1265699
1299858
1312890
292416
2863552
2577752
133390
1287625
1181658
1140741
1963776
2162282
1135608
2514371
1719033
37602
1359796
186342
1649496
663591
4976297
482974
4896054
4020949
638048
3117881
365839
813164
2352331
1013234
1759195
2323187
2112894
1899787
3725964
2053773
2449653
1336275
1350481
2419053
2647990
2402795
1765381
2819630
3940401
2086246
1159577
1491000
2265672
1796560
2462003
3118556
745462
463077
1097879
876512
1113571
993319
326120
5541053
1567686
980269
2829096
1354532
4395064
996382
2106146
591144
1847075
523364
2812895
1474634
3219283
5124554
322759
2457364
149913
3460490
617538
939858
1347594
1914347
970281
1218376
346457
626269
2751986
1135538
3099262
3700534
1488826
407038
2214511
1998535
79549
6830247
2346742
2282353
1641442
1661255
1697577
216681
1181295
1436963
502992
2091887
1373356
909236
332800
1123764
2667667
357907
1806575
381670
389890
484725
3631828
3210692
2074959
2617567
549639
796632
1874131
1616351
1583749
3855142
680908
760792
3844262
5744572
1498259
2097956
3708724
613041
3621998
652363
1685544
1470138
2232470
346022
2212692
1523812
2087655
1555896
398272
2012192
3299938
1930897
865601
814397
34257
3147395
1346058
1157119
1850597
304053
2656379
1983509
1584493
2980177
996413
3874056
1919407
1354829
3637303
1634395
3714778
3883262
2292902
5060594
1061204
3234049
1781371
1354311
1003145
2957702
2624667
82099
83677
2734937
1203662
2251838
1766947
430129
1619662
836526
1205535
156440
2339122
2268267
2126758
2697668
3396110
1402313
2765801
2214195
3199812
536669
79232
1202699
679921
2234091
2100958
1859114
115624
1152630
2154914
1265181
3432559
1403363
996457
370217
3868619
927871
3963766
316596
354044
966243
1898993
3198598
2741937
1190706
1941110
166419
402528
435111
1794802
1232842
193168
2251703
511393
2289752
1153085
941403
4735181
1042044
2562714
2439606
1912083
121324
2887751
1509575
2417418
33608
59331
2642239
3783119
114691
3227448
789506
1952059
397431
1852665
3322089
895661
1760644
1773204
1719475
1914980
2226498
71024
1815827
1891084
1319135
3310759
1113160
2028115
1409631
621507
2550036
2564893
1924666
2906155
1433845
3148789
1118753
1090646
612845
478863
985207
851078
3316869
1393391
4565358
903219
1709178
1311965
601315
269576
839645
557956
1983765
2962470
214633
2737012
2169865
1886530
2519220
2420682
3751811
1566044
2439145
3213637
2362436
2765034
908135
2337701
2047495
2823541
545273
2570077
941551
561210
763987
571637
1809191
596268
1480013
1443391
4385854
3605943
2177095
3842589
3027753
1385336
1307389
1303652
5103595
2473284
1179315
1432461
2715249
3489553
542760
4983579
1069115
1136933
117520
1019404
5095708
1309633
33751
3346602
1289030
2288116
1320673
2725888
2949350
802575
2079943
966116
2393454
1039522
121431
703127
1906834
1772041
281654
505375
2617603
795366
2211955
331927
1750871
1726656
3583248
479976
2326711
3188109
1524291
3571750
1134251
151263
986451
898115
4413922
464536
2158488
4253048
676065
475954
931803
3740816
606008
2629623
1441746
3609452
1144100
2702344
1097400
1158760
914164
3926724
1004154
1737458
2751555
1691772
4294345
3109725
2167104
1625010
1613030
378724
870198
2418497
2283260
1163359
297486
894111
1105009
1427697
3751697
1419581
527822
2406246
1463374
2540431
2013958
139260
3934923
3936566
88667
1660162
1295656
2385765
789133
1444616
2807304
1892269
751633
1823860
2138945
1398303
4213476
3449680
1754721
392134
2820982
1032586
1211047
4651369
412790
1559623
4023141
820590
802543
386219
3345123
2647741
3310603
2399938
1226807
1331153
2893436
943725
264306
70193
2420175
1244588
1218890
3626145
1594078
1030768
3281167
248967
2719928
485672
2349876
1993536
1718005
2920935
1554180
1981346
385404
3077580
1036964
313041
4443905
1409133
996854
2971734
311485
2147768
3510383
741487
467822
812944
1460355
1740429
1020198
477781
1443736
2607961
2153920
1709673
783919
1134247
739461
528239
3182965
3928053
1720120
2145647
1146658
2824806
128799
1429078
1629396
3265378
1440612
353515
777400
3867059
2488315
2267434
588467
2835665
4035254
760485
1470644
3355219
1233597
1179096
518491
1501819
1730643
993527
1922147
5435966
2449047
1466463
677396
2653310
1414664
1842410
2267438
346065
1688012
1794653
894166
1555787
2854454
23461
1333567
1828193
1414774
1495175
951459
1884162
1697659
3846358
2283793
1301398
1358492
1560885
503957
2215912
2826639
3046568
1053826
784595
3680059
115611
1538538
1806285
1973115
1213449
2337263
1632734
2681291
694045
2830958
217552
2624074
565435
2003918
2085210
733041
704243
188050
1956381
480368
135202
2672616
1051124
2834376
1855722
2856901
1407410
2683219
1943302
2036434
1613734
1737493
3333194
2962366
3219533
1236292
308841
590575
4540276
862093
1688625
643684
1005095
113658
790425
2685237
3566545
2211033
418045
412710
2438988
99036
825786
826570
628777
1662920
1853757
1730753
906663
361622
4050328
2608447
2027389
1468215
2558800
2473429
2181918
2774232
1998833
1158844
562443
758385
4275214
282573
104021
2642109
460873
1364121
4003121
143824
707798
147707
3511143
1446933
3360395
3033056
2467447
1690661
195707
2093790
2264248
1099603
1547378
3924712
392624
4108989
3621820
3410244
2181403
1629506
1027262
4112457
3317456
2979227
2406476
553130
364692
304734
268736
680276
1539672
4325179
3162637
2066089
2914227
2105820
2816394
390036
3729823
3003767
2233487
3188562
1997640
151934
2001791
387597
829150
1901765
547424
1133878
1024816
1119856
3585963
2938526
869217
79366
581771
547812
996239
3718415
1545732
1416145
2720459
444518
734596
3411355
718180
2758291
940060
837936
2791103
3591801
835096
2117233
2078570
1873756
540744
3357683
2348659
4131278
942886
1823832
1037087
1312673
605485
1526990
2579905
2034023
1053695
2746382
1804202
2371391
567490
1271843
3682317
419668
3153628
2301890
1807931
4327702
1395063
2381753
1894595
1655783
268012
2353922
3107683
286447
2056058
2514251
875578
248355
1545477
55994
1030756
442114
1458607
3340257
2747440
1000646
1870142
1259815
3601130
4441684
1306397
4392906
1700036
4122241
761722
1388652
1070188
1667610
1822732
2354818
1709915
2249768
1573729
392205
418399
3006380
3572552
2454753
2949061
3103544
1743062
1426082
427801
2740357
2146525
384004
232010
3132614
704313
2153939
1436229
383885
234786
1184077
3774685
208199
1236288
614694
758386
2700008
2556372
4739084
2563629
1249673
2333229
475686
2552389
2666758
555129
592770
2315569
1066711
978877
3763295
1521552
871992
3788484
549921
534720
791097
1252512
1966459
818890
1323683
423672
1014582
4205878
3562980
915899
792494
3751673
4575468
2574902
1688271
559363
1802239
2995790
762929
696368
1346240
768056
446933
1391358
1502965
2018543
248930
2580593
30441
1336070
348274
1471496
1356767
3810488
2345967
650567
3722810
1140818
4078293
972132
2042193
1390612
3414056
2835661
624705
1199279
608425
1022515
1130525
834397
727897
2809537
882080
533513
2022038
670593
1617381
2177676
751319
1251276
1264209
1957131
663454
2675068
2035449
1187190
3035159
413234
2029208
2378741
1558855
1335360
4049359
1889911
1476728
1454258
2090758
3209784
559367
2042348
1373452
2865542
1810992
507254
995788
330904
3827798
1956003
2354614
1549494
1436672
1331866
1548875
1256815
615325
435201
1412237
636027
232309
2573320
1084799
1477620
1634329
1271231
3619760
1320902
2629574
2636081
3822847
795117
3729717
3002849
4460617
2385159
1803593
2124424
1140516
544844
366150
503012
3046089
1136961
2326584
2252865
4920392
921232
2537823
693466
1887111
808317
1843681
1438990
763494
2881464
542951
1039171
373407
1656985
2842241
2876762
1557315
2112320
289291
3011720
1469927
1778116
809372
2234616
1722363
2883047
2399437
2614897
1972744
3358045
2949182
2752184
119520
2535544
3903558
2353941
3042708
1908883
248348
1268002
679384
3179079
936270
312541
3399259
2094594
505527
3149123
1019815
3015568
1251993
323752
2582810
1561923
3378439
1988159
1921362
697754
3254568
4405196
1127459
657806
284313
1233684
699972
320813
5003282
3616691
1003383
1310994
2786288
1655961
2580765
2155252
1927837
837663
33632
1343645
4179302
682452
497703
629370
1178035
3680724
3952321
855164
576126
1309755
1588447
628150
1181301
1019890
1132549
1468106
1633536
638458
502498
1144569
518538
1211188
624648
2054940
3151418
1257484
97657
619761
372085
2858690
1136497
1793885
1005867
886182
1536968
322881
643182
2253024
452146
132239
507347
1345060
378406
1596115
3278549
4080071
2964704
3539888
3410336
1320721
1109442
1411501
403945
435266
2775902
3680038
4028469
265967
1395066
872082
2546958
1249151
1062312
1852885
1748132
1085192
4830086
1593607
1068417
2423001
1435680
3063790
2768359
1114193
571015
364787
589446
490898
825838
812522
4073584
2946667
2288568
2872991
2870913
2059011
830417
612852
1051725
1193708
1775667
1013207
1187279
169841
725167
5067627
3043878
1853763
2399243
1367428
975501
4080020
674798
2228399
1620299
3025854
693983
2006567
278651
138636
3182942
1942474
2393732
4223034
1546164
187770
657976
1946535
3004418
3702010
1073864
2706846
5216476
1828450
805304
1439508
2811168
600423
1998911
2618725
3285548
551496
1428639
2894017
640588
2900029
529863
1922914
275849
4767869
812871
1269273
642946
416877
227368
738270
544622
2493360
1129733
725553
3865527
663722
1089202
3731741
2238689
575050
666426
1546711
2216627
1293459
748954
2489278
3407866
1259868
2279375
1184256
1504435
3674981
3204783
866688
2075470
844984
1491597
2955099
1429020
462615
255532
863195
974472
4699220
241747
1269133
3555382
3736674
3261993
2913287
2619134
3025300
2861865
1077337
1080980
3077139
751262
2478950
894983
1350620
2066946
331691
662908
1401350
1376358
2340287
1510820
1498027
1916525
1014727
526215
557797
1233260
1843696
1972525
68695
1620939
816415
1748706
1379644
4085523
456939
3294031
3914908
957551
2250115
677550
2915871
2947852
771312
2450354
1090905
575282
4710015
3952549
614543
481693
1761662
1008839
3597893
860467
861845
2115559
2630776
855663
419962
2172519
1411967
2902818
1936571
731495
1815202
764163
61299
1655621
2692356
3785470
1491839
1527834
2577255
243142
3038640
2813982
862577
888380
2985127
3064793
1394797
2492437
2482686
2046893
207577
1388782
1110072
2439469
2605566
992178
823140
2317819
1153997
1032526
3371338
4540672
886949
2540430
524971
545080
2061529
2357086
2700337
1280569
3863712
2924597
2066927
883511
2733690
3336962
963461
4850684
2903812
2321969
737138
2225970
1720280
3518785
2656867
1550098
1490876
1863715
695959
2562508
613901
3077650
1782793
2610696
269062
1135804
371447
773498
3862773
382120
2510053
878778
1717701
1467275
2413777
3862578
154521
1066947
1794001
3369891
4818087
2393685
3634244
2355582
2014303
2217966
4089285
214567
1985113
535547
323123
890233
1139497
2315819
2964794
987157
1763777
2524678
1199020
1956442
4184258
981270
3482611
2246012
1793919
661755
2998512
494671
1060056
1064519
1075192
724015
1301433
4142996
1083916
2083528
1206620
2271997
1061057
2598228
359973
1670124
1557930
643135
1084781
1013762
88024
3146469
2130596
1327292
412983
1788742
3085327
2042307
57350
3688757
1481552
1127755
1983542
1911298
1551373
1838487
1248559
3761904
1659396
570149
2220355
1504830
940152
699459
1662363
1397493
1497100
2176962
629780
954023
440411
3517042
368355
1737510
2869364
1667062
263906
2250758
2121501
2015667
935921
3356351
1561407
4403385
746984
1134928
1147853
1985838
2145040
1646827
1683673
3976004
1153678
892294
836482
1763534
806093
2552038
2882532
2156624
3570830
1414623
3487152
2378651
45198
349032
670930
2940396
1095794
558861
2902902
1265230
3333868
588382
611178
1703985
2157834
112547
4455043
936392
2648003
1724503
5011634
2789036
2183905
1965410
3695028
1959249
270442
883156
1519125
1509742
1595697
1481672
943632
794616
2504166
2752220
2046337
1908935
34779
2121584
1245599
1744009
2416402
1199137
356644
2839539
1890668
1022074
1031583
595139
321827
292096
3458857
1959542
2658800
104642
26186
887595
2522305
1718957
3089276
3098088
1465381
4202321
536197
1922151
3427828
3917146
2155111
1796397
33783
1936392
2108816
1770368
1467075
4133531
1428834
1152190
702059
2678254
1969116
2478259
2656480
1251694
2226334
2300329
2805580
522494
571703
934325
1816355
1434219
2382189
1909856
1719800
993482
363585
903203
2833700
921580
2393488
3621448
933619
1204704
1190348
969328
5395480
1612416
943153
1615948
2736127
1774775
1979352
2832251
3510082
1553602
2601083
2934868
2500989
1206288
542020
1207057
2116374
933460
937175
1330798
1268393
138089
3416850
5117715
654940
1389733
771081
4222640
1412183
4245806
3231519
1037195
1543959
959565
788393
375204
918955
1985784
2342833
385467
2078924
1349360
1576167
2344228
388475
679078
4418505
676857
1346552
2764614
1218819
2692883
2614587
1682768
1291752
1069011
207667
275581
1775656
2552405
625650
1443366
413294
1191177
4206294
982429
1954506
2511529
880014
589440
3641471
2348853
1461213
220251
236295
1897347
678066
1625442
2102433
207698
566830
485728
2638062
3502117
611591
2561945
788106
1414781
840315
1139899
4670388
3976431
4063327
3616128
1162139
1709743
2720588
1487554
1199466
2042091
3792544
4364654
3145862
2864711
148552
4215181
899487
230460
1454699
559222
669043
2115993
2075635
1467355
4034259
1441997
2189489
405620
2640958
1498647
488983
1980511
2502483
1021388
2690398
1588563
1988138
2580815
2015256
614106
870118
816717
3165648
1366801
897296
5565898
559388
1401306
4156055
4083391
1650184
1110647
1768555
2214938
464264
2053224
1548162
3741964
163951
1940319
2611653
1440860
3868621
1548169
1704265
1286606
3061216
2252456
1911603
3356353
1050098
114413
3309500
2240327
1699866
689399
724961
1501497
1459997
565723
3329923
587378
1880155
1820975
471565
1000352
985814
4177619
1024170
1384757
1489445
1390043
1304550
3417152
3400231
542939
1484478
823639
2075060
2918034
2334436
1534559
2756256
884766
527951
2624068
3369795
2561132
2759111
372490
448617
1987947
488130
2201671
3484208
3813538
789782
2272597
1611797
2180718
2222227
2638096
2479364
2510774
1169499
2402189
1631545
936070
2965890
984838
2161656
974938
2323175
1466167
1770370
3738145
1306239
2636196
924791
1816582
4060435
2396803
1373455
655459
1251768
309595
1843377
2458801
1532004
270821
3494027
1588253
139006
961335
218529
1474946
1009165
3593692
2001921
1514874
1134749
1160035
2146502
1181002
1936465
1239857
3821088
1286968
4818090
2073955
594271
2419770
346040
553843
4111165
2195277
561348
3770964
558320
3071750
1430938
3092778
1013713
1955635
4313547
2082799
1926313
657180
469750
4702740
2476043
2691616
1295618
1158024
747780
829652
1794389
2367723
1710802
2585571
182154
106709
2072141
2167841
522890
436728
3817315
1519484
292638
272403
1911414
2129705
1494318
5750322
1887387
1135653
2446337
1344339
2443966
3751692
1987460
4378029
887592
2212106
1400774
1328766
2957701
1406871
3007197
222028
1786807
1743876
921153
2429120
1561554
2233869
1511673
3446335
837604
191629
1992239
3623815
1639919
1383675
2639506
3085350
3005687
1682304
1333623
22918
1731234
2225035
416004
1801846
2595197
993123
839861
2146775
3000279
2398136
736489
804398
3552596
926911
494644
2747480
1199746
463821
2402824
2009852
2921004
536171
1064161
2567549
1802658
1532020
2067535
828994
502819
2173295
2145703
4533810
2311896
797799
577143
1120557
831921
2000636
966070
150321
1982599
1015737
1212627
2875109
2329605
779820
3232782
234254
2975548
3201440
894329
4778274
3494946
2564812
1379763
2631872
581091
4059526
3635767
88149
175571
412719
577910
1273594
2909786
566829
2412683
2320086
2076764
727820
333759
1323293
2056005
1016234
2316123
2635079
552898
1767507
362710
2328481
5067595
2639624
2021441
165136
920368
3058361
2710804
3397164
2520529
2540050
849308
3119867
702814
3568548
667777
12000
2293342
1536682
1580585
229322
427767
1416420
152116
836528
2224002
1936019
2686938
2214748
2818070
1048202
405233
1160718
1289389
1713503
1055089
1716857
1266670
911470
533571
984983
1229525
481573
2064612
2032220
268458
932610
1582732
285926
1490921
2794020
155392
3265147
479510
2785201
2814007
1682045
1458388
1161683
2938051
1511835
5047213
1266632
839534
4876097
1646480
1307773
2649478
1815301
1620883
173707
3871115
177075
3898667
175820
587014
5005249
2442384
159186
394569
1042438
4400896
1170385
1498863
1899205
3295777
1790672
1406884
1575442
4828777
794868
3333544
371377
1129282
816294
3852351
5236972
268965
5383411
1137197
724994
2036454
1322209
4131337
1466090
2549922
2136003
1071634
2079355
546410
3334315
626210
1670110
2920944
1505649
1208194
916374
222897
2263113
1770935
831224
4007146
1340021
2847295
1084567
962776
610731
644801
4115531
2367098
261339
1221058
3119981
1087508
773803
2285130
22421
4017471
3067913
1462160
2552832
3857010
2599842
4273379
272955
3586966
1051396
593034
2011233
3358997
1698566
412779
1925644
1406175
2030873
2093876
4158202
1193866
601534
2380779
2361467
960198
2026107
1381339
729211
354483
755942
1570079
2009120
1695475
1951909
2697693
4486711
1270766
754134
2526283
2237531
4278019
19962
1297048
1793300
823578
1526409
4114116
2121047
441953
4007140
2378986
1163240
973787
1021391
365253
1785193
2645530
1504662
1112022
2121144
589423
2403214
1643955
502141
4937701
1702760
1014983
2314089
1094958
1752822
919765
603084
169969
1959803
4294365
2253398
2286232
2805889
1593533
1734484
1406055
2862818
2358874
2075705
1882282
558583
2054963
378171
1558802
2560314
3467910
2015255
1487556
787455
388908
2619294
1923240
1049337
1122462
2263953
824011
2953684
3975873
2649695
2291131
470193
3601020
4778021
2824439
444758
490835
1152517
1535589
1871399
4335174
35619
4421936
1079708
389972
319207
1458056
2326104
961367
654170
1006233
1621645
2313427
1997264
1443365
1415923
1767749
1173967
282810
637727
929907
947902
4059507
3650926
3197125
864973
2239677
1922316
3377926
900346
298602
3251899
583506
1077932
2264335
615697
1257566
3143921
874752
1926889
565114
1370098
2152591
605035
1725560
3010742
803400
913382
3492792
2607464
514256
536841
2961347
2893572
3786214
1958449
4223933
3005167
2602549
138420
2415978
845192
1247160
2351932
863970
1962124
2817007
662207
1893009
1350635
3465298
213410
1703863
1176637
1210988
2080341
1442748
1457010
1769742
212857
979379
1450863
467462
1069915
654377
1615148
2027951
1036589
2931734
204881
435352
2163777
1317654
584084
2105744
435558
2747550
2225037
586860
105534
509864
957690
1706226
4229253
3465426
2068137
3309518
777025
393137
1063668
2338723
2047498
1472596
46494
1209463
1685397
1635681
2931319
3058795
624737
1195294
707490
826189
1866444
169860
594965
1232147
1794185
529763
1639272
1146623
3061211
826560
2317560
3119207
2829055
2393214
1170185
1918979
372833
1564440
2163955
3121054
2032773
291116
767324
3338466
3252546
2097139
1889685
2974772
140651
4346532
438349
294230
3916150
617904
2647672
516456
844217
1951576
1724624
2906190
1501086
443818
965228
1194562
3098693
1981709
2635551
2789793
1035407
1915602
1221457
80112
2033500
1403835
3170757
1582743
3052123
1420766
1764395
3307301
1635568
370650
4331837
1552377
1109315
296249
1178621
5359094
3802117
1465707
836874
28313
4080363
4328083
1524887
945912
930985
2458380
1581988
3235356
2530455
230658
4328449
232691
1624894
361344
471955
1333631
2615455
4153596
1415549
1107820
2357386
3506017
1965123
2213194
2408622
1183771
1037695
1802906
3163065
464119
2749124
3073027
806582
2259044
2524721
1663173
349280
1756879
3510442
1767540
978432
2234798
1444038
3233196
224485
1653165
2084705
3450852
1037662
1567955
2097116
2535104
830536
919293
2360233
2306866
2072350
2809207
1452472
1284680
1789910
1314622
1735272
247246
3703531
1530290
2381559
2403373
2991442
138523
2179689
2280594
47922
2149925
2552956
880007
1140383
1883577
1634521
1839217
1084886
1952142
1431022
1135947
1865091
192797
3152035
1596481
2902392
1802675
3583762
1276603
88242
2094161
114534
409167
350699
1438074
3319429
1343203
2337048
1644044
1952818
788614
4212362
1424295
2513840
534587
565249
721819
3929183
3561063
1470062
2494557
1243117
1253270
2351395
891900
115613
1629471
4070342
975352
1765816
780995
3808319
2744900
1131225
1952026
826154
2080491
1195180
3757437
3149206
2964285
304536
382732
113892
2077462
1954350
2277074
2168176
394703
625603
1014894
1833052
923281
1748446
2306750
2273029
1036986
1823502
2099541
2535678
885451
3436687
1878468
619771
1219967
2104024
1325921
4054565
2199262
2790849
960556
3683402
2690365
1107910
3385649
3741496
839526
1653169
1508971
2351256
508120
1778232
1276515
2117214
3156128
1636879
2350973
2079427
1892403
600809
2752762
550242
2789001
946060
2205015
1528227
411442
1552844
1015008
3994459
1402122
196972
1145759
704390
3737193
2396392
783151
2156594
1184010
481169
1687687
3493906
2780438
1588874
923139
2060127
937955
220061
3762359
646884
2560659
683166
203845
3341900
408002
2099138
957549
252635
321516
3987761
245374
1955618
675517
1339318
1472925
3975810
3074670
3062644
864626
1579388
2934202
1748293
1379415
684611
2066573
3294425
2664780
790414
1997601
3040644
1487736
1098605
441559
1114512
3577078
1883231
2782949
218896
4910717
346077
1166714
1378586
3884776
1794673
725061
933841
543842
1116744
1159486
1621800
2547386
2438313
1494277
657307
3606838
2543621
1462252
1299868
2241553
4089782
2209836
1415931
1331127
2364133
3545119
2555764
853152
1264961
1845839
1801893
836525
443028
3194380
1351445
825160
964393
1413645
897098
1282218
2118781
873939
244160
297646
1524357
2466388
1228165
2522326
546165
1402755
347541
487503
453402
1304916
891659
1624669
1060504
449068
590740
1406034
521253
1726681
1758648
2464636
2029966
1592379
6831167
2418594
2067661
3400090
692189
2084897
951426
2141517
1354839
2360217
296697
452143
3683890
888344
1958584
2318582
37230
2313069
1080773
2422244
1113566
477544
1392911
1424428
202264
2453618
2751845
3455333
3320888
205441
1332599
345405
1188549
2132669
522342
1390563
1136535
2604204
543196
3734800
1224000
3316057
2706229
636534
3034906
2213787
101777
2371157
1469979
2758569
1737831
1997611
1167149
2236694
558859
899459
4257254
895824
1162177
2703600
1611870
370032
478400
546493
1193289
3307397
2441825
999757
517866
2803331
4314188
2204992
2323184
1853957
573247
2232369
2829001
635397
1295511
1329666
3559747
4351018
1842772
788693
1929613
1122845
1642220
636620
1367535
67952
1150376
703485
937487
1733344
850436
1624176
1490726
871395
1655059
2601906
1127453
1614737
1669524
763108
2612410
2697004
1209904
2666552
2566847
511405
4775323
2300794
1997977
2748983
1631973
748891
2516642
1401304
1644726
116236
2418300
4496843
1842417
260418
1547947
1074869
4202092
1733202
2690068
1901634
1952092
1375422
2120332
2961892
714723
406146
1288412
1182981
365360
2659300
3112664
2484955
2879253
2622911
438888
2138215
3112610
1065590
1530292
3027486
2471944
1581905
2392595
2584508
1708815
2212724
365213
975717
1219567
152760
1319721
3915847
649311
780885
1159554
1113956
3780033
3594963
765532
1151160
984364
6825
1109569
1365408
2171438
2693563
794696
394528
1871844
505364
3215338
261663
1802410
3241322
1677001
820639
2848289
649548
1636586
852395
1862579
322125
3376631
1164627
2617066
3326636
1923062
2682716
1150744
1024300
80388
2071722
1687802
761333
2187601
2603020
3207215
2306627
5608295
257150
2781126
447836
1128959
3924514
1393117
2020037
4557914
1897341
3455545
472841
380204
1075607
2265730
1193702
2166885
666695
3751263
1892092
577680
2282008
319949
1670770
1476288
659986
1562173
3088442
231730
1209668
3540384
2196848
449146
4122182
393674
3988593
2088938
793418
710817
1135349
99236
995886
744644
1223023
3883523
3683111
2068850
2259999
1679361
3721433
594350
670943
1752817
555416
3755194
3766298
1334212
2833320
2543819
1094900
1618584
760922
2441507
649690
5191375
519804
219269
3992389
1516917
1957207
294726
2339776
483632
1706740
1575219
1129687
2399400
1286009
2028299
3538108
1808154
2676940
103925
248356
303190
5426642
865496
1719788
3563480
459390
3305542
734564
3470343
2863523
3383500
1546194
1099503
1475629
1541443
2180579
1220494
1636714
911967
478765
996889
1998440
2364927
3232997
1983845
1208805
848834
2652359
312330
1291516
2553441
519215
2499999
4252285
577327
1113939
2813553
1168673
1508919
892953
706998
5131454
554708
1754966
3096158
1502453
810496
2399204
1956319
3149227
2608723
3486247
102510
1537697
693440
2141820
445425
2082079
484215
480710
1644717
1654981
1416153
2098613
3621574
468091
88248
2971080
1697882
2240061
2620784
597672
1402172
1647738
1622456
436314
625901
1527795
3700218
1534928
440536
1639098
833146
1545243
1009207
5041546
37423
1249263
566831
784443
2766063
2494730
1562696
626313
2252221
474578
2482121
1372963
346034
2640561
1955765
1594411
3502029
3065789
249771
1013082
2486487
781292
1553816
1734908
1147694
2690847
2495957
3146523
2141711
3322596
3228041
391569
2434524
2334402
2390064
377128
1310280
2568218
963398
2222296
2299574
857852
4995094
241114
4236894
2290934
1914846
3854431
1711809
918044
3151554
1230801
2706752
3156107
2915182
2112739
1563242
3449625
2255283
589449
309823
1820879
3502568
1765726
3408336
887798
1855137
2491237
593524
4565059
897628
2235169
656824
375237
1241986
2674714
1557027
1039756
1752767
2142160
3264891
1126067
929080
1613152
472528
438184
4533182
172876
1458366
3802193
2999663
413845
1325919
1876470
554116
1064439
910860
513174
1233536
1450076
2283067
1505718
2550034
874144
1115820
908003
2986093
2282488
1331903
2446768
2752346
2724111
1429880
647999
1793186
3971506
1630926
1916451
2848903
2340040
1433138
266241
80072
934498
3608845
1383156
871452
2012470
1510024
619676
1834882
2414192
3433326
879967
1452833
2408031
676111
1178638
1979101
526113
2695839
710274
368798
2097514
503353
289522
2214825
3035421
2732172
1005672
1279301
2522810
2098905
929797
1140505
1227632
696302
1094412
926858
1113910
777706
3199354
4648484
616629
1376342
4594662
1580155
778600
986933
2726452
4305237
1990734
1466489
2183446
1014602
1194841
1380612
379211
1301461
780072
477532
1843223
3781160
2727776
662295
1119558
1789079
837864
1662701
2747268
4020684
295288
2331268
2342452
674878
4259581
1573240
4123393
1208311
1915895
257764
2071975
2079940
1827956
324967
742965
304169
1962545
811843
2217852
1774566
1966109
2169784
3263961
601466
1149164
3025092
609725
1778201
657716
2595739
3699250
518671
3025215
333132
2428347
2321397
1909028
867552
1406189
989009
2417548
2127270
1156156
148676
2925925
1659797
2542409
3872978
3021489
2355828
435207
2302644
1464308
295016
1293465
400807
829487
1331843
2143756
4167041
81307
2391191
1506304
960102
635741
3088411
3696097
1116402
2089111
943712
4707304
2112336
2629768
909289
2520231
1164984
1020886
3024886
660409
1228550
1615171
3151295
940300
2480075
1949492
2201670
1427805
2078403
751739
2073240
1491869
2655588
930625
3641430
624227
523319
876607
1466290
80583
3806516
3616541
1205375
662347
2403598
2970478
2210740
2291928
1471656
2238460
1366029
1840797
3618752
4017956
1914806
765996
3492588
996501
1544479
3825405
3120746
3292939
2842176
1293490
608925
152555
581031
3693137
3298444
138062
436495
1487332
2001512
3980462
1808836
3865378
2194751
3489862
1307398
561777
2577139
1926887
714507
2074123
4408161
1096232
2898381
1548913
424834
737891
156499
692327
2819109
1205569
2606112
409143
1736625
3558972
1628449
2761681
2558764
754712
1755423
1186923
841105
1066209
2510708
1380198
1516394
1486566
2179429
1589154
2918675
3681568
503039
1510064
3035434
2661992
2443793
2688190
2516289
694766
1642206
1977819
872164
1976613
786276
108995
1469980
1572739
4425754
3510374
2736743
56121
707577
656191
1797556
2056887
296142
2195969
4087926
3506531
2011907
347823
691578
2463227
3872128
1267735
917222
2618510
940947
2462303
303072
3760741
3045343
3476615
361402
922758
478822
1267328
884020
2062307
1053639
2682117
859167
2763674
2512116
1448816
1665859
828843
2954532
3106739
1582129
841737
147883
1196520
252669
2873727
724216
1259732
4579471
459004
778770
2701852
3077976
2736965
2709259
2482959
3735693
295681
1058726
4615222
3316280
2565717
770917
626060
418401
2275766
964813
1694141
2400525
1310598
2223162
1073766
728777
215937
2405994
1881520
761622
3590054
1063981
1058995
2075371
2642929
2077965
1202679
4339786
1051516
1343882
3183736
275310
1011055
703821
620213
690546
741291
1413189
1148196
1843742
919789
2413006
1017664
3621553
1814395
882848
2343330
3801692
1037472
219085
2624104
2271969
1795181
490768
1967442
347108
1963651
331051
1854913
629692
1433826
156121
1861737
653603
2088101
3825379
4194385
1082768
401016
5229605
2012312
1363882
758072
2364377
2521183
2582274
1685830
2486178
1088857
2273603
1234337
1354252
3909834
2804617
1550102
1276751
4205066
2898100
113917
1199609
3030344
754798
2465753
441593
1178745
1846820
162209
1024628
1378618
435407
763095
2027937
1543460
3687022
582117
1525933
3700209
1367503
1939378
2742146
1033325
537978
556570
291330
1649338
163911
835992
1226134
1312526
2789792
852234
2101213
405598
2298252
1530670
973408
2093589
3834353
2097477
2365392
2789034
804352
3025355
187468
1686995
817927
417483
1863736
1956746
614967
3138530
1077683
2008414
1317647
670783
2317292
1177756
993362
1860061
371343
2071366
1428913
1393118
1387086
2242419
967566
1153884
2965974
1400378
1454232
1190559
2662522
138670
2711315
836158
2529953
3072440
2752628
2460858
497702
3006424
2191826
371671
926628
818777
932255
1985682
1006362
1471441
522472
2317559
2095591
1794046
856692
2753366
304161
1984210
502317
690056
1638137
463092
4194262
4074410
706887
1053097
4593018
3736420
2905515
2481607
3864206
2397325
1702851
2414078
2038588
468457
636488
633210
1053620
1532895
1352028
1094379
1406264
762218
1428638
309537
443305
2123536
994548
1543283
597424
2887574
1670147
1690666
2677471
2554877
348903
1752805
4027020
1939689
2902628
4166159
521319
1208522
1808649
3902219
555048
1582216
327403
502922
642775
1240493
3537996
540394
3440649
2161648
3621130
3574834
2874298
1224100
2742454
3926709
1391297
842647
3602299
2230518
353849
3304404
1652861
407631
1252276
2078049
830992
808318
404688
1305098
2109908
206789
989271
450255
2393437
341935
203171
76675
466981
386370
2041820
1090915
1632479
2361446
1280873
2570113
285827
862117
3889258
141407
2936684
2846472
1328753
1557077
3088130
1245956
4910465
265830
734705
1312812
1652317
439778
1957552
1569901
2429516
662292
4555647
3019917
2154376
1784686
1937534
1989294
1639273
2488000
2508983
2549115
884538
797537
2341640
1812655
1739134
943235
79083
514921
941254
2957556
3790154
2232376
2407904
1291165
684939
2731031
1236053
1178003
3319291
1268280
1723138
2579040
223043
1979817
2442047
1653640
76761
2180464
3680092
187546
1286876
1826683
1359702
1416081
1904801
1570360
751677
929085
4186360
1487975
2671608
1522805
2572660
162284
1972015
321188
229173
4062794
2934834
24163
1875553
3424503
2138686
2464613
517842
1061450
445027
175306
2734434
2725068
1984381
898057
1316923
2053251
542000
1945384
2790685
1437444
2684885
2418447
1181028
740847
460161
2058705
400660
956813
307364
993236
1456463
2235032
2131043
1364656
2761989
2414666
1594047
1693022
2820204
1248070
2634407
958584
2463076
3681068
2082421
647070
1071827
2334683
234280
2628569
1227063
919915
1073312
4343962
1736461
340400
845425
2491286
423812
1828546
735382
636519
1992761
1328956
915839
2608503
2294077
2701554
1567026
1998713
1525242
725763
113606
2038496
2437760
2609370
627130
806950
3738428
1701735
3068806
3138419
2097795
2664450
1911541
890568
2409961
835781
1234719
3205590
1992464
83274
750318
1557895
608500
3093977
1627831
1217730
1530742
2940945
1190308
1072193
2874405
1116354
2918217
293154
3016982
958327
285639
1755838
2629187
1815026
1402558
2347619
2966797
617823
379712
2235672
1778111
1540969
1292057
911637
2885813
555610
2337479
1188459
3868432
2626051
2680276
2083829
1010173
2145563
3701523
2069243
1645548
256215
1721110
1815809
4853986
1648646
1402504
2651730
967011
1072285
1329162
2212085
2071392
1469922
1546563
2050327
1948240
699352
2597033
2918509
3747820
598457
1438857
2436970
295893
1788968
2724909
1919831
582800
1504916
4739970
1052250
4066813
1309270
244093
4070730
1206741
1415118
2656481
1693658
1506286
263345
1146778
1674106
953453
1888168
2667858
3496963
1525577
1899343
1010167
1842412
1014371
1076975
4935122
2122322
2658713
2618321
2136851
971415
723857
1018876
2300548
760812
2275861
342950
1457458
758997
311796
758905
2564918
2354944
442274
4617931
2274180
1271745
1721882
2039489
1222567
1955628
391396
532927
1435419
1205556
821686
3194424
3403200
603582
1271432
478741
255604
1710187
1616613
1869321
1379433
1041128
2523134
1806592
1812828
806046
1525888
2492070
1307765
1329469
877595
258817
1513128
4597148
537215
1063644
4164448
1428276
2939475
1750038
1662910
1274480
2236691
2359644
1970964
1639618
455062
39374
1088571
1206630
745780
2687562
406790
4792339
1343885
2154117
2009118
413448
180536
138308
4544689
2663223
530085
613045
2337775
1021445
923068
746067
357103
181291
1794915
480719
2161229
3180125
1689240
1778733
2528095
1563410
2842073
144046
566929
377098
1910074
4153817
929134
3042865
248091
840465
3294386
1862656
1193878
2217362
635690
1770890
953072
1202114
2393131
5034989
4913583
240615
2750361
926062
1136591
1132211
1766342
1109388
1689139
571331
1898867
1075218
82112
605627
4649027
1318785
1407702
1510955
2981646
3058198
4160209
416514
453705
2769187
2549433
3229164
284520
2216638
1971375
3909358
2720193
653775
1168072
3235502
1040250
3371717
2112749
1623292
891758
2416628
2065541
379902
623202
4451718
3319705
1485458
1722234
2353152
2709465
4486656
1466635
690292
3723510
533061
404139
124983
1159552
2563812
941836
2573531
3208362
842528
941009
2997567
1642676
1895847
1465828
2819999
1574917
544805
765515
2325348
1394616
3987783
244128
1124286
1775807
1181680
513484
2569594
1440503
1358510
1305462
865016
1151099
2792314
2293076
2117087
2406582
1407653
1614266
1449004
1934552
997406
412692
1005003
3169798
597791
874419
1012226
2012761
2958348
4053365
1440560
1276411
799272
2276355
3183715
1833104
3925608
3264962
1363034
4559342
3639809
1815842
3269716
298499
1799921
1952966
1802450
1066848
755343
2643167
1456271
947501
5010693
2677355
2439477
2690211
320476
1985816
1762311
737557
2582251
449209
4194093
3649518
871004
1840021
1048791
2448629
4318374
371962
924136
1781683
2600977
1275718
2738960
1917093
2183739
1243361
1921772
1225681
1032349
320010
4107132
1273030
1860327
1796557
2356710
1795411
635379
1633568
2624064
1882602
2813953
1328881
1252515
1980939
307269
264424
892001
598742
689947
82209
837898
1108467
3118984
1080191
2079991
142476
2443139
963314
441935
2212251
2068837
2234872
3280500
2257200
724210
728597
1021885
398397
3593105
596419
1065921
1054722
1657647
1701303
2161153
2610378
741721
1150198
1861610
3414185
3766219
3082574
1468907
2474602
2536057
3421166
959451
3564179
1417215
2599394
840257
1939295
1550171
1532347
2521242
2612676
726156
3928794
2236337
3994194
1466170
4364161
840805
330613
2324910
3976319
1152262
1153056
2163525
1943738
2051072
2288051
6030009
1237212
2981263
2700889
1463021
1724685
130550
3549930
1074608
1397397
2656699
2116292
1418128
272766
1662718
1257942
2938151
2730160
2318793
3265741
1467215
4320597
1619782
2893611
3188055
892958
1407226
3059990
291110
1724633
258815
1687227
973554
2893199
1431784
233449
988853
3348287
1526276
2740319
1488656
343486
2271478
2323265
1276355
2649182
1557344
1472356
3809809
1257521
2121344
2216597
1210391
1494982
1150808
2717098
421611
416747
1978287
3232806
2517672
1400968
368133
1012640
1572452
144606
576993
1137280
879198
3724183
1534543
1274722
1943687
483536
1620240
3281260
322563
441380
1127132
743212
1988747
1773586
1095297
1409706
4410500
437720
1885197
844212
1456962
2512833
719890
1845700
277471
738697
2216475
940128
697026
3460479
555848
409626
845202
3779903
2299294
3465971
1626269
2016643
2384867
1666807
1343875
1496947
1596635
2292309
278304
1782177
1466520
246230
2119591
2166297
2540449
1790631
265940
1523363
404507
2780237
2780196
1369728
960351
1342970
1800129
1911538
816412
863770
2904835
5080337
889979
1688367
416082
3638518
2388545
490009
2796233
3859368
307112
435623
760529
2825555
2608876
1290302
247140
3893841
3025486
1618476
889598
348550
1181508
102997
34756
787537
212995
657731
1880119
982397
1340817
4674465
287017
1414562
3308598
1942963
995402
1833578
2937318
737129
313787
4054763
1935842
2725647
2138838
4526508
2613699
3425497
222611
3817943
1686988
1259878
3950290
2205694
551082
1359266
2355776
4762901
2180715
3013073
2960125
1775897
1406522
1924567
2019093
2850541
986727
1497655
909574
2616005
3549592
2895491
879252
1501849
1371518
1403554
2047684
3181331
3043690
1670136
2886113
2122640
1546514
2011261
104122
629355
1260341
2319539
2097409
1322513
1094679
3117930
1862969
344609
1620232
1958658
3801961
4592326
1180828
1988821
750387
1079671
936382
558862
3293947
2017480
726539
1491651
1898516
3903288
1782764
740381
1461776
673629
894703
1652965
485674
2441170
2292287
2881383
2020262
1981174
1874039
3383077
1546515
1594166
1738961
3736228
2519492
80543
3044682
1853346
1051756
1059083
1997347
1675593
1970433
1512357
682946
4890843
811638
1069952
2192790
887537
580914
3000953
2466993
1028645
25365
78934
2294251
1229469
548966
1410799
530834
1244584
2039211
502318
1441838
892116
2567648
784192
1641843
1546705
1809371
974288
3031260
163779
455682
4540158
2125727
2936691
438212
1579350
1759872
1781454
1563598
1523568
877377
925706
1850375
2135785
1860315
418413
873285
2735319
2697178
2397497
202042
2437402
624521
1983201
979855
2207212
772659
998674
2382225
1590159
1662713
1572653
836524
4229714
2878882
523069
1740040
2715325
1661915
1406520
1623237
4078361
3193578
1980928
478962
631567
2214765
447720
1069964
1014992
1687919
1388330
1001562
629893
605077
2381670
1034738
401780
4133282
145200
1338776
2057553
2846986
2125845
2112916
2611056
740873
1572381
2176624
1917001
578813
606911
442190
392847
2349159
3511048
2098087
918094
1146716
3180537
733153
790508
2114249
1033284
2719508
1132070
2012348
865621
792853
1958665
1624666
1780934
2353965
615002
841421
4785494
1111473
3406221
909640
1029284
1396986
3058439
4280506
607714
140721
819546
2520418
1728469
1559688
2360582
3567638
2332664
3311040
1914380
2666398
1764918
2718075
2769928
2629614
986537
290759
2613867
901495
4283179
995775
1649925
2766134
1495832
1834438
1137258
2171754
2399221
1635436
2955359
332161
4616800
1160007
3042686
3575865
3385650
349174
1313653
1165504
1439754
1579104
2112566
1765170
2254922
512576
818459
438380
4672331
3528343
91293
287242
2186747
1525182
2036249
253804
684186
1877765
746068
2001694
1475034
1284335
2060201
1042749
2377959
434636
2210144
486354
858516
1215420
3186846
2678741
1022252
765064
325477
2054221
3439960
2695234
1688420
655556
2066421
1890952
2269900
2700009
2212189
631662
3796297
3118020
4014660
4374086
1807037
190131
1305694
2548543
170010
2734073
2515606
428953
4451784
3463886
2012542
1066080
574734
1917082
2966780
1354115
3621010
1118302
1935489
3811467
977506
862600
4073401
1815307
50849
1228799
394249
1065649
2329359
233910
1269679
2610406
2747767
3002964
4129016
3236518
726285
1657449
3408468
2204451
586974
2560665
1710654
666875
3984058
1740061
1575025
2205914
1926385
520760
2637868
529956
1457054
2490792
875285
2730923
1029268
1681817
692545
2913442
1397195
1124127
2073569
1190795
644875
1181477
2326064
1412250
1502710
1409988
3874230
1574713
1743900
2210237
1104939
2823836
3306981
1588362
850659
1268864
1945042
742656
2336755
2829325
1916374
1764988
373981
1873757
1574479
1038517
680752
241275
416860
492341
3906055
1001398
1348751
1552584
3561001
514514
1375376
400543
1576974
210365
1304848
4769507
1237323
965588
1455252
643127
2002280
1821739
1890674
759007
1538335
1496851
631681
1066769
149123
3348527
1317653
4197256
1391803
2913361
3603063
901582
346921
138307
455711
3261259
518378
156288
1741660
290912
315646
1883667
2319735
599253
2071556
4069709
936465
337149
1982210
944097
2246061
140352
1592211
3418382
79468
2358082
2471829
1479200
958319
2651722
1985857
2852213
398332
2468909
2705757
3244933
1337732
1250067
2925497
1543871
3738306
1277761
306553
2677073
3432838
2999536
564026
1998355
842391
3649559
892983
191894
5019920
1984152
1833748
1082163
1780608
2866627
143532
1324363
379793
1909634
3165813
631745
888231
2553543
623419
721240
1059237
1291104
1424074
1633263
3201148
3453949
2038543
588816
2315305
1198949
1635451
170429
722236
248498
2145710
1894173
2543375
960850
2570974
1717695
1793641
1947262
4195098
1195057
652003
1534545
3818832
321094
2388341
209464
2462749
2679533
229283
2098108
2378725
545071
2384856
263139
3025456
30271
1171690
1114963
1324056
2030717
289383
2254593
1713882
1612001
1942943
1493782
1935224
2902453
363501
150423
2385389
1060833
2074299
1901787
188089
1060203
4056767
746524
1019217
712205
1160768
2354597
2150770
2076285
358361
2540042
202019
1010457
1545068
3928236
1125873
1905937
1704532
2074335
2870693
2239641
307851
912032
3133607
1783846
553874
2127718
2050891
123026
296272
663627
1069307
2085206
886003
1188113
470930
1816925
1817417
1857127
2464164
882158
1551948
2196844
896644
1702944
1400707
1878390
1369531
1908972
265430
1987309
179951
1019511
1371748
720137
1909797
2916543
1288469
827995
1796466
1181513
2176538
1467042
2935321
1298643
1701604
1170825
2450099
2321980
1494066
3293069
3939879
1502354
2791099
643875
1209858
2620829
837796
2319294
1700849
973744
369157
2101519
3724608
2087694
1985724
643895
1053126
911645
346032
1685477
4289214
2129916
1208708
2539387
1107386
1489614
3133593
2021374
123078
2831442
330537
2066928
2094056
1718931
4199131
2316474
1625094
870553
346067
3728429
238817
1650531
4215287
1335472
2180473
2311540
1180492
1413922
1761942
699461
613897
2794294
1133034
1945216
55138
1541306
3023365
1041009
983599
1257130
1507344
2646863
2478441
2802618
1783561
2104040
2725950
119693
1613318
3510452
2023652
571553
668339
1883380
3265788
3007965
1524375
2085478
1887898
799999
356605
97528
757121
781726
1367945
2361531
99031
642164
1169035
608010
2154869
1644618
867877
904099
2466704
2389971
753971
4029547
1087418
2090775
3298556
1549833
1886747
2796277
3027392
392726
1532514
933616
1996799
819775
1244691
278592
3052852
2783833
248736
377375
435922
142399
1086193
1593140
4182235
516600
1945690
156572
869392
947899
1610594
4703686
428235
2899068
1407460
3353647
1288383
1099098
877835
2012960
1536956
2212442
3744741
3884407
776333
3518901
1898838
238640
2500469
1167527
2606782
616305
1222194
411110
3318668
3560557
2213486
1719111
1270348
418753
1589038
692621
887963
2558665
1763505
2804877
2776658
4405194
481722
1306002
79595
4293755
3921283
387700
3148793
2795441
1175847
1364947
1937135
1390702
1167459
608818
1242984
843363
1845592
4971865
390484
918057
453880
2178652
679889
4495487
3065760
2899978
1757692
3059761
1147473
987678
2416734
3965302
1445488
1819579
927763
3437419
60570
2806719
1997777
2051459
1509954
1371376
3897127
822914
1179077
1225138
1112010
151973
1748035
1875162
3078501
1996847
188713
2752015
624354
738367
275882
757979
3253810
792032
943716
1495086
1181410
859095
1134106
1825746
1105149
514420
1224989
927864
1130118
2252343
2708665
3148791
325072
1291304
4046264
1737931
2333639
1247755
876569
1806292
1093052
2222333
957652
719806
3871249
1127067
2112486
1228545
2937808
1156531
2279706
1997498
1438819
2873045
1901078
1610902
2476751
391855
1150381
3259993
2621020
511244
2162908
1929731
568032
162001
1663336
730665
1490618
1485611
386158
932839
1125021
1481956
2120768
2374327
1135762
3111626
841967
4040380
2950448
3868803
2176369
3525492
1472491
2734419
2416834
3958230
2977657
3404260
994783
1078021
1171086
3779395
1526240
2367436
1022025
3042846
742339
4870551
2112553
1010446
578779
2318678
1169974
2122247
1133614
1301993
679219
1248361
1625340
503323
741793
3337023
745834
2523170
3738822
2725133
1024429
1071877
819859
1993097
3309647
515482
881205
3531896
494720
869330
517040
1271180
710218
321829
3180507
1080494
2180339
1582182
1280286
2868816
395946
48011
900796
2299114
1901465
4437311
1878181
1433231
810577
1328579
3111424
1360686
2174723
664354
87126
303189
2216471
583348
3443613
919586
4624268
1304271
435271
2881346
1692384
473355
2824023
4201318
2188130
816898
1554801
325049
3317948
732791
107788
359558
4169346
676196
3831495
2516658
3916824
1634511
485518
888224
2615614
955154
3914216
1558465
697957
905027
2681289
1582740
172548
2096434
757303
2903472
1613065
2221898
941240
2364334
1625101
1819282
1433228
1876115
442345
969247
35251
3207289
3476287
3950684
3963625
1304868
1942613
3376885
1130830
1944726
2312934
3034860
2932556
454995
446796
1794401
2150104
707868
655876
3480366
2361515
752347
1402065
842840
1771532
3833929
3455196
1887160
327400
1636251
1273134
1952585
3123990
211400
1871072
223328
3499618
373723
1488658
2339781
866002
837296
1956092
576580
1773042
2056025
3010364
4174582
711459
1211297
2384408
3262647
2765412
3733366
2642570
864101
312611
2262893
1636462
207712
2690162
1956881
1390670
1285735
4347521
3377646
2890472
637702
2458661
1037049
1333819
631816
2907599
1380544
1971605
353255
3220440
1398111
908046
302929
1596105
27823
1418122
3293974
2260598
1431857
2520762
3478207
2221849
761069
1022006
1004296
3152891
1589010
2180577
206771
4218452
2487287
4743401
1333262
903510
238200
1614416
2171602
1526257
3096264
2683654
715868
417589
1711633
607375
1372760
618574
830426
579382
1036850
3630814
535083
2506393
2353958
1177934
1478422
1283268
1384945
2600586
2154854
1435443
1017866
1969500
2014264
4216080
558525
2662955
803374
1643479
2466681
2715288
2290626
2052298
2122703
3729870
3487596
1129335
3566760
1502547
2966496
2099483
1125567
1032391
1048592
1188306
1869624
1475185
218987
3677045
1889994
780480
3471506
2725980
2040562
3680738
280807
241727
2742153
1865799
1460552
3590092
2542251
729662
618245
1964773
4391629
1065016
3110349
2711576
3147992
2078881
1991353
205742
1700139
119004
3499034
448294
80285
869405
1231495
2287575
3432405
999758
5307368
1075655
2938061
2953290
2360774
217582
754764
2466040
1037011
575196
1460723
864350
1926279
503115
2046238
3564918
440983
603536
620045
684633
484172
643708
3015720
1312422
1876524
1878948
1417282
590622
386510
2142650
1167473
2006105
246729
2344410
1200098
4143799
295774
1147010
4387059
323844
3190521
2196994
1338633
1282716
64236
1278506
2042136
3477829
1449843
2086124
756507
1310233
473392
1045335
1928744
2251794
742385
3076598
828276
780864
2281027
564795
2300527
362237
2686952
2958014
2670276
212861
928915
1388958
2133816
2165125
5658490
2823862
487687
410968
2813088
593419
2557022
870158
3956001
2299071
1074246
161867
2907893
2281263
194368
1333386
2934957
1493690
2207209
2438508
33517
3076641
531608
2800456
1301283
3788049
372594
2070620
1617120
2492076
2292957
1541222
1406482
2215623
2608565
2950469
807149
3183632
672713
1646839
2225372
1206750
2905486
1164134
1550806
2747279
353722
1703398
848790
2630672
2945211
1287377
1964931
203646
1814660
1762360
1122328
2095742
1661895
615861
2076034
2624282
2370714
1763016
522853
782746
1189730
1343204
1493576
1624747
2852252
1139388
858110
1677615
386104
2252337
2315637
2545798
390037
2837748
2320651
2430493
4897231
1556386
1199901
751645
1892474
2010961
2531235
688680
3982323
614385
2361326
2162067
3201199
889731
3133837
1367684
2568160
4249998
2325200
1985164
1067313
781819
2426078
1341000
2798740
2372585
891718
1737897
4181400
1543700
3621572
34212
605659
441951
2544346
1029728
945044
689924
3609473
2520520
2009581
4595405
2717761
1528060
559278
4589536
174377
1530590
1827441
2414472
2712970
1020919
3894106
2306013
267778
2677167
760725
259521
1029088
1054886
1128092
3390978
2299006
2941361
37394
1733050
3574430
1633522
590750
772675
1506831
391946
1537609
3626290
2519487
1113084
865087
1223943
2242550
2119004
195206
2408076
553769
2087392
972967
163544
470021
844389
2278926
3369040
614401
4069726
1691072
984275
934989
4477319
488216
1745682
1230835
666684
349708
1091357
1227608
1616143
929779
1176389
2123723
1561809
1888104
872395
2325162
821867
2715840
2816525
2413704
685701
16883
2582038
795235
1809752
903747
874608
1084495
1293987
3119285
1402266
2324763
1579881
2220044
1814714
2325129
573262
33137
1209758
834709
1383582
1754708
937182
443374
1833072
152559
941625
351017
360442
482042
1398532
2120329
1190742
2677196
2914356
1912166
699507
233467
2010913
2717547
3777545
1588353
2790396
825831
1405996
1580963
1031680
1692117
3116400
438387
2366802
1718357
1134708
1413180
4339422
2734206
423663
997135
1107950
1998620
2857352
267008
3766665
1577843
1889559
576877
2466083
2641090
1134567
1006369
2953238
4851662
3132882
364195
1630981
127426
1209422
534150
2239132
4488195
3903163
791210
1280879
3005442
608432
1506560
805881
4455519
4933314
4402651
2213179
2363857
3728792
1082951
3374748
3868533
1687208
328345
4185638
1527257
2388350
2945490
327418
1956382
992416
924122
1484215
2462777
770888
1075235
1812041
2078518
1495988
2180636
2802174
1803082
574962
248842
347855
601178
1562705
3395191
477478
417431
575538
3725902
2161975
1361963
1632748
3009759
1011058
3011588
177697
622283
1229568
641742
4953061
2236274
2939387
1974710
4164260
534589
2215737
2112461
1200390
1687512
1698997
875898
1856995
3443617
2961039
567549
2906351
443124
4912614
1164351
787176
3902618
1373000
4485089
4228245
1697661
406886
112130
3677662
379453
1345558
4096526
4090115
551581
1323833
1335127
608267
3083516
3621016
3145167
326713
3355635
2361762
631999
416430
4792670
3942367
515667
4436661
3113147
1981750
3907477
2940962
861598
1506371
383869
1348520
823389
1568852
2171736
523173
3556040
1967798
4107807
3379198
346046
187584
1339276
967744
3264892
1265704
643086
609064
1373154
2466814
1291711
2611332
3233561
2290363
2600186
2340666
2340033
455686
434479
1750984
1688456
173258
2491289
1522720
1508160
470084
1469933
844884
263619
341751
1702868
1529705
3075989
2214472
2362985
119572
1363074
3908743
1029366
1699312
1156524
2582465
2106237
2817938
1176765
1398010
367373
2252856
1054605
1214563
3756097
2110024
4251487
2712915
1832469
1499120
2167861
2216594
2997633
491883
4054155
1736310
1969477
1052060
2363089
1930757
355223
959998
2456065
765512
1133371
2282313
2046644
3609218
2078418
1175466
375591
1960997
1561086
223035
600553
254038
2064681
1986800
1367920
2093120
3239567
1152156
844806
2667208
376737
2738325
892666
1132718
1573655
1313613
2563752
1353449
1490729
1211724
1805504
429286
313972
1169891
2093659
1394145
412348
248366
1293827
138498
468039
294101
702273
2635894
360505
1354600
2251969
2284571
647580
1613561
804115
2035732
2319598
2450433
3397868
1348677
3808494
683321
1037225
421928
1157296
1174101
773077
762476
1840322
2027808
2359966
989340
3568385
910452
3169010
916074
2265089
1064053
461742
1291652
628153
3823076
1103313
2581054
1822610
2217637
2005136
884202
3559684
1439873
1641308
5348338
1534772
1554773
2596191
3632549
1406228
1113555
2222188
843019
1729038
407792
3119553
1112517
1227031
2868419
252713
4569114
3035458
2508568
886546
3300108
822057
2914377
2681313
3288079
2168293
803926
1272825
3182742
2134543
346045
1398067
1108563
3452829
3736382
3758843
553141
4608890
346015
1100014
2392154
3302083
2633951
4191850
219091
2510373
544435
1225852
577972
261451
1562165
3631664
271234
1979535
754738
1679345
4799335
2984941
4092300
656739
3814817
2580843
1248513
3712100
3034947
2283441
553661
270939
2268238
1753730
1384498
2158347
2314374
3216082
2032602
1625053
2536397
3718962
2204377
4409006
2191071
2012873
455681
1239893
2599562
85776
1760561
2067159
344517
837401
967000
1797739
1572446
580278
2003144
3956742
2133478
1434674
369785
1322518
346440
1775660
517758
1580223
693559
2952325
1383813
1978854
451432
2114984
1670100
1851646
1583766
1628658
2349375
1388939
1711351
2076354
1441638
1197627
930499
2764571
1162040
1582220
666425
851469
1972265
1120723
1958319
728346
1517308
915458
4274634
943367
505645
2205017
1157288
49632
3051820
963495
3460343
3039448
2458737
2830420
344656
2672699
1991881
78724
1037334
2326882
601339
3219440
2607017
1699918
1792768
1427839
2890474
1868097
1863498
2812039
1343910
2932397
3860631
1363432
1019949
3284189
3142141
1802409
1021371
248363
1430155
1123716
4233930
2182158
1725632
377689
1123748
1118716
1869528
3751390
2302926
1768815
4444737
373722
1452572
3620898
3359148
1229040
893308
2159004
185846
1752670
1310543
2494298
589801
2354158
2537365
996107
2236338
1662301
2293909
2930766
1834216
751503
3419131
2600848
1529397
1806352
1545186
205448
1446007
1291709
522165
2167019
1464240
1107163
2504686
791065
2279379
927662
649659
3372000
2365148
2637560
3795081
266553
153671
2208607
1011598
2662581
2937977
1643917
2134226
1324011
2242400
1208975
1622239
589763
3647110
1304653
2909773
2396580
1675883
1123991
2299795
570411
108216
1401280
2210764
1426949
460792
4243899
2893008
1120944
2698311
418820
43007
1199126
1703389
740727
3064698
1893097
1491659
1338766
2165397
1526312
2213250
3801208
995922
718266
1874204
866487
2573475
1672327
2183448
1887658
1077964
1844518
1890562
954525
3505120
1443392
2379488
1193820
1252282
380544
3849624
3911776
1747252
1126250
4232122
13373
2337866
100616
385570
2926680
644117
1616699
2913209
845147
104735
729472
159468
2137164
2369985
5001441
2112744
1370715
419137
4312491
1398062
751819
1266612
1120882
885482
197953
3045614
3091630
4927337
3346867
1093215
2365055
1651106
448144
2254509
2041925
1915133
1957000
1642060
1571579
1067377
2379199
2172552
1039403
2214077
3893331
1684732
3973895
2215331
1745854
1709838
1901341
3161703
535076
241406
2397429
1303414
92845
2238463
2570124
3292922
3490773
1170266
441971
2577548
2126127
2052999
1733638
1857424
3650815
4484227
975491
1546476
3171583
796837
2275951
547579
3020107
2154133
1083917
2047280
315553
1291702
824157
1743793
876912
2890035
2243492
1415106
1916735
92565
1759848
3087386
738010
826190
347558
1284012
1628154
2527326
691030
2094961
2657239
489833
2077460
2093197
765516
1794475
3939593
163290
1851309
1985844
942624
1476046
2213409
1120116
603700
2153788
1827110
3613811
2378484
1684380
2787265
3350925
932618
1453192
4446050
465273
1247489
556098
2481475
2634438
1249010
1020187
3610751
1488758
622603
3264589
892691
1268549
1849815
291292
725531
3631467
1131157
711537
1070293
2042657
2017127
3370625
1218038
1618945
2677511
725961
1907011
3429734
1285731
809929
1171961
1097207
3078666
2299353
410088
2700517
2282027
3833508
3096230
2565908
2216576
190616
904763
1376265
2072571
180760
3485395
1189927
2444753
2603103
2602430
2453683
1960367
323771
1927143
1759493
498306
2941846
1061659
829872
1368000
3151777
1587782
1001436
1502781
2234336
618730
3100507
391978
2167999
314043
2133225
4456218
4774638
1843264
887053
906541
1832625
3174319
1514726
100084
3777364
1176783
4467951
489135
3919367
1862252
988224
1033238
589550
5529239
2672723
1766067
1897454
3061608
1881498
765921
339749
2614420
1501143
294985
1056254
2388302
795416
379981
2549179
4478950
1649710
1823814
2407653
4027516
783507
1921254
3569539
421102
836949
5556643
1976774
919527
1060264
634965
289120
130078
241584
2416624
2142661
2224802
593021
1272490
2613684
3404262
2678753
714965
84624
2579834
591694
909904
3260579
1051136
1998397
933897
393495
2761737
795364
3422207
1110124
3549808
1696178
2067543
2850784
676541
2015672
1839656
2459690
3356555
1683763
1157345
829099
201503
782932
584056
4171796
2089110
635590
1307898
2517316
1788947
698229
1685774
2051308
2080054
702657
1539432
1307339
236434
249307
460365
1634903
2487014
1390692
1099107
473491
2695351
1743100
1714204
138024
871922
2499969
323668
1060550
2117151
2558476
2128632
1287577
3219135
2946809
3615946
3434537
686318
2608866
2904298
1006212
509969
2695533
2259065
1131187
2526359
2319751
1901237
2299740
1628213
2067648
3029486
795492
3083771
527015
1723126
2532858
2899972
1443389
1109610
3512955
4062475
599796
3632764
809475
1819283
1413002
329218
1107483
3971554
762472
410766
629068
1744553
1449848
4187487
1582656
1482244
877823
2564476
1698325
457197
1843519
2831459
985264
1355174
561759
2250759
3726329
1587038
1782048
1182975
448961
2212497
1956828
3281895
3680529
2076808
942106
2623606
175307
1625008
3210827
1495151
467703
841873
1624475
1648483
3187558
3807637
4558101
1125754
1117961
1388033
479934
253355
956847
1079875
1619643
1582651
2137434
2738955
4370484
1499734
700254
222529
1757170
228903
1556663
483116
3255684
1304375
930903
2111270
444719
917940
1864214
1112841
882806
407042
557131
2818152
2679374
1728883
2418413
1567305
1506394
902209
239666
60284
368770
1394809
1295265
989686
1936985
2318282
2396776
889031
490474
1049170
683519
1152295
2753894
2062316
816437
211375
80156
2319786
3564501
2092692
3025682
228377
2147331
3074693
1222129
1372972
4539282
3253740
2904753
1567767
1685782
492037
447514
3076816
636433
1376299
2403345
1435494
1977945
3695996
1390715
2893301
941405
2146093
1379431
1787232
1561289
3060615
2447884
742014
382856
2683356
4368962
2210778
1980474
1709464
219712
278563
4422181
1285914
2129963
1505799
1147337
1378035
1407303
643900
311878
3259446
608702
1219139
2569818
278186
2301239
400205
1205440
304901
1839170
490191
1250839
3845974
1221064
1460502
582674
1291002
2691744
2157229
608943
4856758
1522259
2112812
936615
706730
2821699
1524857
1077368
1934949
3261550
3511071
3807655
360520
1997620
1001450
3454970
738196
2119542
3698356
2112814
4810411
1282790
3977687
1470263
737344
2241009
3784951
1543075
1634484
550132
544452
515147
1068662
1201675
3493552
620862
631995
1641549
2612824
1624128
483895
80639
5095636
462180
975499
2092591
2050728
2466451
713611
2774622
2705312
3388439
2395372
5448463
4177595
1013870
1252766
865977
4948728
2832386
1900923
2717584
198019
3233967
4074746
2948971
2299753
4194097
4988642
3284269
2771584
1174102
122855
3048740
777505
1106942
1834126
2472959
1220148
1309589
2255773
854689
4529087
